#              u               K              ΔK               V              ΔV               E              ΔE            E_mu           ΔE_mu             K/N            ΔK/N             V/N            ΔV/N             E/N            ΔE/N               N              ΔN             N^2            ΔN^2         density        Δdensity        diagonal       Δdiagonal
 -7.00000000E+00  1.98993973E+04  3.19671104E+01 -3.86974666E+04  3.98272431E+01 -1.87980694E+04  1.90390460E+01 -1.47660031E+04  1.78239456E+01  3.45457042E+01  3.49054736E-02 -6.71811694E+01  2.55706708E-02 -3.26354652E+01  2.90692491E-02  5.76009459E+02  3.90745341E-01  3.31797415E+05  4.49231679E+02  1.52435508E-02  1.03407094E-05  8.11124206E-01  1.58510678E-03
 -8.00000000E+00  1.95207339E+04  5.02922482E+01 -3.82435970E+04  6.83994605E+01 -1.87228631E+04  2.51054268E+01 -1.41521736E+04  2.14355568E+01  3.41640113E+01  5.02558193E-02 -6.69347565E+01  4.37996681E-02 -3.27707453E+01  2.98285463E-02  5.71336189E+02  6.61922009E-01  3.26448448E+05  7.55303411E+02  1.51198771E-02  1.75171459E-05  8.14928838E-01  2.01996436E-03
 -9.00000000E+00  1.97260008E+04  2.70768717E+01 -3.85362894E+04  3.09790119E+01 -1.88102886E+04  1.36485017E+01 -1.36458248E+04  1.27857528E+01  3.43749557E+01  2.97424852E-02 -6.71557992E+01  1.74388023E-02 -3.27808434E+01  2.38744233E-02  5.73829306E+02  3.29755653E-01  3.29289161E+05  3.78358827E+02  1.51858551E-02  8.72667442E-06  8.14073948E-01  1.40347210E-03
 -1.00000000E+01  1.95068474E+04  3.67612861E+01 -3.82497038E+04  4.83142397E+01 -1.87428564E+04  1.65306823E+01 -1.30357323E+04  1.31914847E+01  3.41781379E+01  3.50307342E-02 -6.70198274E+01  2.55187736E-02 -3.28416895E+01  2.12647762E-02  5.70712416E+02  5.16907843E-01  3.25728409E+05  5.89268175E+02  1.51033695E-02  1.36794820E-05  8.25925467E-01  1.81517506E-03
 -1.10000000E+01  1.81204380E+04  5.43982572E+01 -3.67133567E+04  4.75756770E+01 -1.85929187E+04  1.54425821E+01 -1.24922782E+04  1.86807137E+01  3.26693070E+01  6.65400826E-02 -6.61963834E+01  2.18619434E-02 -3.35270764E+01  5.11981199E-02  5.54603686E+02  5.53477024E-01  3.07603647E+05  6.13380484E+02  1.46770671E-02  1.46472510E-05  8.19290351E-01  1.56226619E-03
 -1.20000000E+01  1.79689982E+04  5.18465035E+01 -3.63867678E+04  6.07411782E+01 -1.84177696E+04  1.78616202E+01 -1.18031700E+04  1.49339897E+01  3.25952566E+01  5.84751321E-02 -6.60096613E+01  3.49450803E-02 -3.34144047E+01  3.36517411E-02  5.51216637E+02  6.37257830E-01  3.03863901E+05  7.00265328E+02  1.45874320E-02  1.68644316E-05  7.90021229E-01  1.89817975E-03
 -1.30000000E+01  1.78149719E+04  4.52450800E+01 -3.62059851E+04  4.94776247E+01 -1.83910131E+04  1.54431654E+01 -1.12566108E+04  1.44077497E+01  3.24581734E+01  5.23245745E-02 -6.59711908E+01  2.68514100E-02 -3.35130174E+01  3.41931582E-02  5.48800182E+02  5.36961970E-01  3.01205936E+05  5.90624332E+02  1.45234828E-02  1.42101955E-05  8.05975605E-01  1.78700822E-03
 -1.40000000E+01  1.71838793E+04  3.60007876E+01 -3.55471928E+04  6.47953863E+01 -1.83633135E+04  3.39794273E+01 -1.07788297E+04  2.65299536E+01  3.17169207E+01  3.24702091E-02 -6.56130316E+01  4.42374120E-02 -3.38961109E+01  3.37975495E-02  5.41748845E+02  6.35121055E-01  2.93516849E+05  6.88340646E+02  1.43368758E-02  1.68078838E-05  8.06462600E-01  3.29895009E-03
 -1.50000000E+01  1.71473677E+04  3.11284993E+01 -3.55803572E+04  5.22524571E+01 -1.84329895E+04  3.00088064E+01 -1.03086159E+04  2.43702494E+01  3.16574420E+01  3.37329307E-02 -6.56900291E+01  3.65106207E-02 -3.40325871E+01  3.56538399E-02  5.41624908E+02  5.05275789E-01  2.93375853E+05  5.46867205E+02  1.43335959E-02  1.33716503E-05  8.36061301E-01  2.41366737E-03
 -1.60000000E+01  1.61138703E+04  4.18009399E+01 -3.40401865E+04  4.74435548E+01 -1.79263161E+04  1.56368710E+01 -9.50933543E+03  1.42607308E+01  3.06274679E+01  5.23278755E-02 -6.47055860E+01  3.21778310E-02 -3.40781181E+01  3.32429276E-02  5.26061294E+02  4.93211531E-01  2.76764001E+05  5.19139372E+02  1.39217194E-02  1.30523813E-05  7.76833346E-01  1.62030151E-03
 -1.70000000E+01  1.58354317E+04  2.69900737E+01 -3.39172289E+04  2.56683012E+01 -1.80817972E+04  1.79632852E+01 -9.18795006E+03  1.80167419E+01  3.02666274E+01  3.83797320E-02 -6.48298011E+01  1.59314179E-02 -3.45631737E+01  3.70191954E-02  5.23167477E+02  2.89014282E-01  2.73716695E+05  3.02361096E+02  1.38451373E-02  7.64849225E-06  7.86801433E-01  1.79501745E-03
 -1.80000000E+01  1.53652196E+04  4.45471313E+01 -3.29129009E+04  5.68534524E+01 -1.75476813E+04  1.69897515E+01 -8.29846009E+03  1.15763724E+01  2.98979526E+01  5.25985834E-02 -6.40492893E+01  3.75901665E-02 -3.41513366E+01  2.70116080E-02  5.13845622E+02  5.99726547E-01  2.64067809E+05  6.16384515E+02  1.35984431E-02  1.58712012E-05  7.97193583E-01  1.69533375E-03
 -1.90000000E+01  1.50670326E+04  3.91345923E+01 -3.25385498E+04  5.12083245E+01 -1.74715172E+04  1.73957562E+01 -7.79571237E+03  1.19533870E+01  2.95823945E+01  4.64409377E-02 -6.38922431E+01  3.32038136E-02 -3.43098485E+01  2.55844397E-02  5.09252886E+02  5.47483483E-01  2.59367238E+05  5.57903557E+02  1.34769006E-02  1.44886377E-05  7.69921802E-01  1.78801829E-03
 -2.00000000E+01  1.47135177E+04  3.78085483E+01 -3.21183085E+04  6.31674479E+01 -1.74047908E+04  2.88239357E+01 -7.32274845E+03  1.86269277E+01  2.91833681E+01  4.18793214E-02 -6.37102534E+01  4.99410892E-02 -3.45268852E+01  2.64450521E-02  5.04102119E+02  6.04563225E-01  2.54152836E+05  6.09961705E+02  1.33405904E-02  1.59991994E-05  7.71420098E-01  1.69521533E-03
 -2.10000000E+01  1.44134140E+04  3.04116563E+01 -3.16650558E+04  4.06605656E+01 -1.72516418E+04  1.48906911E+01 -6.77676268E+03  1.04311216E+01  2.88924809E+01  3.72487106E-02 -6.34798153E+01  2.85236564E-02 -3.45873344E+01  2.22446022E-02  4.98803768E+02  4.30526142E-01  2.48831956E+05  4.30307374E+02  1.32003745E-02  1.13934711E-05  7.82809360E-01  1.47056990E-03
 -2.20000000E+01  1.39244586E+04  2.67053332E+01 -3.09703278E+04  3.61933574E+01 -1.70458692E+04  1.29676776E+01 -6.24942659E+03  8.15409557E+00  2.83704911E+01  3.23031984E-02 -6.31065946E+01  2.23477784E-02 -3.47361034E+01  1.88602731E-02  4.90747390E+02  4.17176121E-01  2.40861489E+05  4.09160960E+02  1.29871700E-02  1.10401753E-05  7.91176478E-01  1.47230425E-03
 -2.30000000E+01  1.35271867E+04  3.44813436E+01 -3.04126178E+04  4.40301501E+01 -1.68854310E+04  1.23879530E+01 -5.75459075E+03  8.17821773E+00  2.79473004E+01  4.26804411E-02 -6.28401766E+01  2.61518271E-02 -3.48928763E+01  2.22675094E-02  4.83949578E+02  5.13425205E-01  2.34240846E+05  4.96968059E+02  1.28072723E-02  1.35873172E-05  8.02886474E-01  1.69505262E-03
 -2.40000000E+01  1.32171309E+04  2.49345916E+01 -2.99945027E+04  3.28916330E+01 -1.67773719E+04  1.35345821E+01 -5.29924841E+03  1.00548644E+01  2.76323413E+01  3.23527582E-02 -6.27146272E+01  2.11656874E-02 -3.50822859E+01  2.28753783E-02  4.78255145E+02  3.81832588E-01  2.28757880E+05  3.65174810E+02  1.26565744E-02  1.01048418E-05  7.76248662E-01  1.54761165E-03
 -2.50000000E+01  1.27212255E+04  2.44083860E+01 -2.92917262E+04  3.11444014E+01 -1.65705007E+04  1.13795467E+01 -4.83241926E+03  8.27036123E+00  2.70904081E+01  3.23990446E-02 -6.23844166E+01  1.84516244E-02 -3.52940085E+01  2.08171214E-02  4.69523259E+02  3.81781969E-01  2.20485303E+05  3.58797010E+02  1.24254933E-02  1.01035022E-05  7.76495857E-01  1.36707255E-03
 -2.60000000E+01  1.22958146E+04  2.59583688E+01 -2.86855434E+04  3.61524225E+01 -1.63897288E+04  1.24111741E+01 -4.39429951E+03  7.34875400E+00  2.66471903E+01  3.29670224E-02 -6.21738838E+01  2.37051233E-02 -3.55266935E+01  1.76375587E-02  4.61362666E+02  4.24246719E-01  2.12890710E+05  3.91249854E+02  1.22095308E-02  1.12272921E-05  7.79316468E-01  1.29478090E-03
 -2.70000000E+01  1.19042317E+04  2.49790642E+01 -2.81231354E+04  3.61412485E+01 -1.62189037E+04  1.34662284E+01 -3.96917855E+03  7.28951554E+00  2.62339011E+01  3.15126258E-02 -6.19851503E+01  2.36828526E-02 -3.57512492E+01  1.79537546E-02  4.53693523E+02  4.29273356E-01  2.05878806E+05  3.89575813E+02  1.20065741E-02  1.13603173E-05  7.78567938E-01  1.31306397E-03
 -2.80000000E+01  1.14491118E+04  2.61336334E+01 -2.74227670E+04  3.66862775E+01 -1.59736553E+04  1.45378347E+01 -3.55364951E+03  8.70000625E+00  2.58070934E+01  3.64564602E-02 -6.18210347E+01  2.53897137E-02 -3.60139413E+01  2.15931603E-02  4.43571634E+02  4.36262386E-01  1.96801684E+05  3.86270545E+02  1.17387078E-02  1.15452755E-05  7.73707077E-01  1.19636292E-03
 -2.90000000E+01  1.09702137E+04  2.79588130E+01 -2.66704976E+04  3.95989264E+01 -1.57002839E+04  1.50694565E+01 -3.15906801E+03  8.61777822E+00  2.53618958E+01  3.70568870E-02 -6.16711143E+01  2.17584301E-02 -3.63092186E+01  2.39571647E-02  4.32455720E+02  5.18392625E-01  1.87080720E+05  4.48722955E+02  1.14445356E-02  1.37187752E-05  7.76028474E-01  1.48275237E-03
 -3.00000000E+01  1.03933321E+04  2.20191390E+01 -2.57554600E+04  3.31881654E+01 -1.53621279E+04  1.32711405E+01 -2.82162002E+03  6.52863744E+00  2.48587526E+01  2.91991093E-02 -6.16144277E+01  2.02597442E-02 -3.67556751E+01  1.93466615E-02  4.18016929E+02  4.62869019E-01  1.74815234E+05  3.87501614E+02  1.10624265E-02  1.22493950E-05  7.76803538E-01  1.36578158E-03
 -3.10000000E+01  9.78848223E+03  2.63895878E+01 -2.47112880E+04  4.04157740E+01 -1.49228058E+04  1.61442331E+01 -2.52212071E+03  7.69508224E+00  2.44653802E+01  3.32730347E-02 -6.17789151E+01  2.11123294E-02 -3.73135349E+01  2.60216517E-02  4.00022099E+02  6.17329933E-01  1.60120725E+05  4.94131757E+02  1.05862102E-02  1.63370583E-05  7.66732922E-01  1.64109833E-03
 -3.20000000E+01  9.17175759E+03  2.56705530E+01 -2.36117182E+04  3.97208210E+01 -1.44399606E+04  1.71268621E+01 -2.28542007E+03  9.37713882E+00  2.41433724E+01  3.56794230E-02 -6.21711900E+01  2.44643259E-02 -3.80278176E+01  3.01129145E-02  3.79829392E+02  5.97291412E-01  1.44381890E+05  4.53250077E+02  1.00518291E-02  1.58067577E-05  7.76847424E-01  8.95692888E-04
 -3.30000000E+01  8.55633161E+03  2.31045857E+01 -2.24715686E+04  3.76502597E+01 -1.39152370E+04  1.55384482E+01 -2.08878308E+03  7.14533851E+00  2.38727967E+01  3.08585008E-02 -6.27126589E+01  2.75914746E-02 -3.88398622E+01  2.69026835E-02  3.58377390E+02  5.78245620E-01  1.28535633E+05  4.14334170E+02  9.48412195E-03  1.53027287E-05  7.68120404E-01  8.25019793E-04
 -3.40000000E+01  7.95927177E+03  2.26664186E+01 -2.13406208E+04  3.77062711E+01 -1.33813491E+04  1.60662345E+01 -1.90435940E+03  6.56356384E+00  2.35748980E+01  3.17695374E-02 -6.32284188E+01  2.19460875E-02 -3.96535208E+01  2.46202453E-02  3.37558520E+02  5.72595616E-01  1.14035541E+05  3.87811823E+02  8.93317005E-03  1.51532067E-05  7.62245157E-01  7.80594713E-04
 -3.50000000E+01  7.45120317E+03  1.87449912E+01 -2.03643057E+04  3.09609685E+01 -1.29131025E+04  1.37319163E+01 -1.74931702E+03  6.14567210E+00  2.33566361E+01  2.95908335E-02 -6.38533887E+01  2.41545948E-02 -4.04967526E+01  2.51589432E-02  3.18965299E+02  4.73504146E-01  1.01822140E+05  3.02570594E+02  8.44111788E-03  1.25308437E-05  7.66061493E-01  6.57033647E-04
 -3.60000000E+01  7.04292098E+03  1.68121616E+01 -1.95569537E+04  2.95424235E+01 -1.25140328E+04  1.37519664E+01 -1.58823545E+03  6.30662711E+00  2.32041308E+01  2.39161351E-02 -6.44497843E+01  2.15091441E-02 -4.12456535E+01  2.66454676E-02  3.03494370E+02  4.71507087E-01  9.21857294E+04  2.86764621E+02  8.03169423E-03  1.24779934E-05  7.75682355E-01  7.45250635E-04
 -3.70000000E+01  6.58102497E+03  1.68778214E+01 -1.86404801E+04  3.01769113E+01 -1.20594551E+04  1.45688951E+01 -1.46392591E+03  6.20230625E+00  2.29782990E+01  2.73705269E-02 -6.51053160E+01  2.31099807E-02 -4.21270170E+01  2.73083622E-02  2.86365654E+02  4.64563188E-01  8.20834469E+04  2.66554590E+02  7.57839881E-03  1.22942296E-05  7.67538852E-01  7.65633591E-04
 -3.80000000E+01  6.22929514E+03  1.70400956E+01 -1.79081303E+04  2.80759364E+01 -1.16788352E+04  1.25416925E+01 -1.33263831E+03  5.77736274E+00  2.28775118E+01  3.40025101E-02 -6.57856873E+01  2.27466731E-02 -4.29081755E+01  2.66323603E-02  2.72268338E+02  4.07404202E-01  7.41935389E+04  2.22110563E+02  7.20532654E-03  1.07815706E-05  7.59915405E-01  6.23207916E-04
 -3.90000000E+01  5.82358311E+03  1.50820998E+01 -1.71053435E+04  2.74812261E+01 -1.12817604E+04  1.34063718E+01 -1.23826131E+03  5.07491161E+00  2.26107383E+01  2.80916419E-02 -6.64339952E+01  2.22386757E-02 -4.38232569E+01  2.55118494E-02  2.57525617E+02  4.17167338E-01  6.63789325E+04  2.14679612E+02  6.81517423E-03  1.10399429E-05  7.73221533E-01  6.27567224E-04
 -4.00000000E+01  5.55340765E+03  1.14368163E+01 -1.65489775E+04  2.00326718E+01 -1.09955698E+04  9.63908511E+00 -1.10813457E+03  5.01390726E+00  2.24634333E+01  2.51069857E-02 -6.69598362E+01  2.31632607E-02 -4.44964029E+01  2.41134605E-02  2.47185882E+02  2.98186323E-01  6.11478694E+04  1.48136032E+02  6.54154283E-03  7.89122175E-06  7.61355916E-01  6.49714149E-04
 -4.10000000E+01  5.31348594E+03  1.24068589E+01 -1.60604386E+04  2.21392383E+01 -1.07469527E+04  1.07227930E+01 -9.72091972E+02  4.74730198E+00  2.22830453E+01  2.77210305E-02 -6.73724217E+01  2.18020975E-02 -4.50893763E+01  2.34939099E-02  2.38411237E+02  3.12255767E-01  5.68812891E+04  1.49229714E+02  6.30933008E-03  8.26355641E-06  7.66001951E-01  5.70576038E-04
 -4.20000000E+01  5.09568578E+03  1.06683037E+01 -1.56034692E+04  1.93315905E+01 -1.05077834E+04  9.87102174E+00 -8.37858517E+02  4.01199975E+00  2.21291624E+01  2.52612866E-02 -6.77779866E+01  1.76606403E-02 -4.56488241E+01  1.97267122E-02  2.30236307E+02  2.69426478E-01  5.30413465E+04  1.23839236E+02  6.09298820E-03  7.13011937E-06  7.70648682E-01  6.36395900E-04
 -4.30000000E+01  4.92477725E+03  9.75551846E+00 -1.52410301E+04  1.73042680E+01 -1.03162529E+04  8.56056112E+00 -6.80511195E+02  4.19492616E+00  2.19728658E+01  2.27650719E-02 -6.80182791E+01  1.48890645E-02 -4.60454134E+01  2.05861117E-02  2.24087016E+02  2.44239187E-01  5.02440498E+04  1.09915341E+02  5.93025299E-03  6.46356132E-06  7.67157607E-01  6.40379410E-04
 -4.40000000E+01  4.73096525E+03  8.70624140E+00 -1.48406977E+04  1.55212209E+01 -1.01097325E+04  8.19502780E+00 -5.27549477E+02  3.81723332E+00  2.17194530E+01  2.36522861E-02 -6.81493269E+01  1.53015621E-02 -4.64298739E+01  1.87343330E-02  2.17776887E+02  2.12267039E-01  4.74529802E+04  9.26219975E+01  5.76326132E-03  5.61744837E-06  7.62038660E-01  7.20740860E-04
 -4.50000000E+01  4.57252194E+03  9.88421404E+00 -1.45109907E+04  1.90124257E+01 -9.93846878E+03  9.87230861E+00 -3.71847831E+02  3.35623512E+00  2.15026470E+01  2.46239774E-02 -6.82582016E+01  1.76457570E-02 -4.67555545E+01  1.67242561E-02  2.12591577E+02  2.39778608E-01  4.52224487E+04  1.02233408E+02  5.62603695E-03  6.34551626E-06  7.66857271E-01  6.69775891E-04
 -4.60000000E+01  4.37099171E+03  7.46188005E+00 -1.40895046E+04  1.36569911E+01 -9.71851291E+03  7.46004870E+00 -2.19443481E+02  3.40391635E+00  2.11619293E+01  2.16971879E-02 -6.82296575E+01  1.44722203E-02 -4.70677282E+01  1.68444614E-02  2.06501509E+02  1.73223218E-01  4.26666100E+04  7.15766941E+01  5.46486902E-03  4.58419021E-06  7.59738134E-01  6.20305098E-04
 -4.70000000E+01  4.21312164E+03  7.25531179E+00 -1.37216490E+04  1.45907962E+01 -9.50852739E+03  8.28772521E+00 -4.96856673E+01  3.02135275E+00  2.09277885E+01  2.03766923E-02 -6.81791861E+01  1.44787364E-02 -4.72513975E+01  1.50807057E-02  2.01251952E+02  1.83334382E-01  4.05268209E+04  7.36787981E+01  5.32594439E-03  4.85177271E-06  7.73909219E-01  6.45551000E-04
 -4.80000000E+01  4.04514923E+03  8.37993188E+00 -1.33430381E+04  1.58494535E+01 -9.29788888E+03  8.48972924E+00  1.09267581E+02  3.13245110E+00  2.06337944E+01  2.48293865E-02 -6.80802828E+01  1.68641283E-02 -4.74464884E+01  1.57314044E-02  1.95982426E+02  1.95917950E-01  3.84327301E+04  7.66481614E+01  5.18649134E-03  5.18478504E-06  7.69193156E-01  6.41696528E-04
 -4.90000000E+01  3.87757347E+03  7.51304494E+00 -1.29508824E+04  1.55439339E+01 -9.07330897E+03  9.01524721E+00  2.68353207E+02  3.37880455E+00  2.03309897E+01  2.15086663E-02 -6.79270074E+01  1.43410810E-02 -4.75960177E+01  1.72295442E-02  1.90646167E+02  1.99454808E-01  3.63730556E+04  7.60922945E+01  5.04527224E-03  5.27838466E-06  7.69743266E-01  6.35219000E-04
 -5.00000000E+01  3.70503299E+03  7.94662801E+00 -1.25281643E+04  1.65177364E+01 -8.82313133E+03  9.33031406E+00  4.20066525E+02  3.01505019E+00  2.00338442E+01  2.31644468E-02 -6.77645508E+01  1.56751305E-02 -4.77307066E+01  1.52508203E-02  1.84863957E+02  2.08792276E-01  3.42009401E+04  7.69497649E+01  4.89225147E-03  5.52549201E-06  7.72566621E-01  5.93850973E-04
 -5.10000000E+01  3.51045395E+03  6.51095130E+00 -1.20430253E+04  1.53712400E+01 -8.53257136E+03  9.65926676E+00  5.64338642E+02  2.70178322E+00  1.96719642E+01  1.96948574E-02 -6.75098181E+01  1.43501141E-02 -4.78378539E+01  1.40860531E-02  1.78370784E+02  1.97066942E-01  3.18469306E+04  7.02295735E+01  4.72041574E-03  5.21519203E-06  7.64532532E-01  6.24339992E-04
 -5.20000000E+01  3.30315054E+03  6.70226289E+00 -1.15036785E+04  1.62886412E+01 -8.20052797E+03  1.02853969E+01  7.02219393E+02  2.56764351E+00  1.92836724E+01  1.95598592E-02 -6.71832147E+01  1.45899623E-02 -4.78995423E+01  1.38972796E-02  1.71206680E+02  2.10370040E-01  2.93449820E+04  7.21779961E+01  4.53082442E-03  5.56724607E-06  7.64443043E-01  6.35623011E-04
 -5.30000000E+01  3.09154292E+03  6.84068878E+00 -1.09117064E+04  1.75158442E+01 -7.82016345E+03  1.13814632E+01  8.31482934E+02  2.65220538E+00  1.89278005E+01  1.98435221E-02 -6.68343233E+01  1.56793021E-02 -4.79065228E+01  1.50835802E-02  1.63238611E+02  2.28575648E-01  2.66849107E+04  7.46939259E+01  4.31995694E-03  6.04904041E-06  7.72398047E-01  6.15742361E-04
 -5.40000000E+01  2.86961864E+03  7.19276830E+00 -1.02885937E+04  1.88484014E+01 -7.41897504E+03  1.21596739E+01  9.40829965E+02  2.48809270E+00  1.85244136E+01  2.06698973E-02 -6.64468462E+01  1.65401721E-02 -4.79224326E+01  1.33944824E-02  1.54811204E+02  2.48995689E-01  2.40081794E+04  7.69346824E+01  4.09693350E-03  6.58943769E-06  7.72252518E-01  6.51991762E-04
 -5.50000000E+01  2.62296425E+03  8.22241303E+00 -9.55283939E+03  2.20368259E+01 -6.92987513E+03  1.42147133E+01  1.02887919E+03  3.03191317E+00  1.81114415E+01  2.28875092E-02 -6.59992877E+01  1.76939911E-02 -4.78878462E+01  1.49971167E-02  1.44704624E+02  2.97982607E-01  2.09932600E+04  8.59843064E+01  3.82947234E-03  7.88583058E-06  7.71017948E-01  6.28514157E-04
 -5.60000000E+01  2.32182929E+03  7.45142841E+00 -8.63044564E+03  2.23467558E+01 -6.30861635E+03  1.54461871E+01  1.07920471E+03  2.89863913E+00  1.75823493E+01  2.02983490E-02 -6.53986743E+01  1.76048999E-02 -4.78163250E+01  1.41017925E-02  1.31925376E+02  3.09586571E-01  1.74644192E+04  8.13328708E+01  3.49128151E-03  8.19291864E-06  7.76228786E-01  6.41634946E-04
 -5.70000000E+01  2.03717538E+03  6.48672827E+00 -7.70337911E+03  1.98557185E+01 -5.66620373E+03  1.36522847E+01  1.10476676E+03  2.88187336E+00  1.71289296E+01  1.87130317E-02 -6.48232034E+01  1.58707767E-02 -4.76942738E+01  1.33247002E-02  1.18788956E+02  2.80554825E-01  1.41793715E+04  6.62416051E+01  3.14363846E-03  7.42462065E-06  7.65288181E-01  6.98444632E-04
 -5.80000000E+01  1.72516399E+03  6.86537813E+00 -6.63573388E+03  2.24492382E+01 -4.91056989E+03  1.58190182E+01  1.08548010E+03  3.15800638E+00  1.66665573E+01  2.02963006E-02 -6.41578520E+01  2.03005754E-02 -4.74912947E+01  1.50892888E-02  1.03380172E+02  3.19659794E-01  1.07606723E+04  6.61175505E+01  2.73585943E-03  8.45949703E-06  7.70923790E-01  6.09219492E-04
 -5.90000000E+01  1.42149341E+03  6.94043251E+00 -5.57244271E+03  2.30051210E+01 -4.15094930E+03  1.62464399E+01  1.02574444E+03  3.99729838E+00  1.61784377E+01  2.18193085E-02 -6.34777049E+01  1.89897022E-02 -4.72992672E+01  1.49604590E-02  8.77405718E+01  3.39125863E-01  7.76649283E+03  5.92833416E+01  2.32197205E-03  8.97464831E-06  7.70127924E-01  5.96485559E-04
 -6.00000000E+01  1.15317519E+03  6.02167354E+00 -4.58989561E+03  2.06189372E+01 -3.43672042E+03  1.47584792E+01  9.41916406E+02  4.03762914E+00  1.57727071E+01  2.17996693E-02 -6.28538937E+01  1.76856095E-02 -4.70811867E+01  1.56683933E-02  7.29772804E+01  3.09837801E-01  5.39579829E+03  4.54125100E+01  1.93127537E-03  8.19956718E-06  7.70638443E-01  6.32738614E-04
 -6.10000000E+01  8.96263476E+02  4.70052626E+00 -3.63176016E+03  1.70263024E+01 -2.73549669E+03  1.24327861E+01  8.23256244E+02  3.58095089E+00  1.53327488E+01  1.91028233E-02 -6.22075147E+01  1.58601512E-02 -4.68747660E+01  1.55443530E-02  5.83402120E+01  2.60581637E-01  3.46133354E+03  3.07833187E+01  1.54391907E-03  6.89604894E-06  7.71592542E-01  7.10691802E-04
 -6.20000000E+01  7.05085246E+02  4.06850368E+00 -2.89223874E+03  1.54045423E+01 -2.18715349E+03  1.14049264E+01  7.17526561E+02  3.61361382E+00  1.50214080E+01  1.75146021E-02 -6.16894907E+01  1.42681411E-02 -4.66680827E+01  1.46617406E-02  4.68496783E+01  2.40967464E-01  2.24353630E+03  2.28939711E+01  1.23983285E-03  6.37697823E-06  7.65341976E-01  6.32645826E-04
 -6.30000000E+01  5.50066189E+02  3.34256047E+00 -2.28253330E+03  1.31211408E+01 -1.73246711E+03  9.89945195E+00  6.12823292E+02  3.25483839E+00  1.47445964E+01  1.80284408E-02 -6.12632073E+01  1.40726515E-02 -4.65186109E+01  1.55655125E-02  3.72268318E+01  2.07597221E-01  1.42652085E+03  1.58805648E+01  9.85173234E-04  5.49386601E-06  7.61370672E-01  5.96540492E-04
 -6.40000000E+01  4.30766785E+02  2.63447801E+00 -1.80259740E+03  1.01830491E+01 -1.37183062E+03  7.61492076E+00  5.20611465E+02  2.92121229E+00  1.45381650E+01  1.69784677E-02 -6.09123373E+01  1.06707031E-02 -4.63741723E+01  1.61706473E-02  2.95694075E+01  1.63590211E-01  9.06114834E+02  9.91754043E+00  7.82526674E-04  4.32926171E-06  7.56902049E-01  5.90665515E-04
 -6.50000000E+01  3.33729098E+02  2.03129713E+00 -1.40802279E+03  8.43734609E+00 -1.07429369E+03  6.45954885E+00  4.34663028E+02  2.44990828E+00  1.43447275E+01  1.83111933E-02 -6.06008012E+01  1.11638259E-02 -4.62560737E+01  1.88703303E-02  2.32147188E+01  1.36343820E-01  5.63680826E+02  6.46106626E+00  6.14355788E-04  3.60821149E-06  7.62513216E-01  5.95648676E-04
 -6.60000000E+01  2.63523642E+02  1.87662784E+00 -1.11758175E+03  7.74780210E+00 -8.54058110E+02  5.90786415E+00  3.66396487E+02  2.44930408E+00  1.42106277E+01  1.80583037E-02 -6.03821178E+01  1.05680658E-02 -4.61714901E+01  1.65800259E-02  1.84917363E+01  1.26226758E-01  3.62394139E+02  4.79605844E+00  4.89366481E-04  3.34047291E-06  7.59332203E-01  6.49136335E-04
 -6.70000000E+01  2.08615556E+02  1.52525926E+00 -8.90260338E+02  6.21302875E+00 -6.81644782E+02  4.72627670E+00  3.08390498E+02  2.11974367E+00  1.40952709E+01  2.24651096E-02 -6.01968981E+01  9.70680643E-03 -4.61016272E+01  2.23331544E-02  1.47766460E+01  1.01728713E-01  2.33656979E+02  3.15117518E+00  3.91050095E-04  2.69215509E-06  7.65558528E-01  6.96746955E-04
 -6.80000000E+01  1.65132297E+02  1.29822921E+00 -7.06566849E+02  5.36972260E+00 -5.41434552E+02  4.10081954E+00  2.57964127E+02  1.91841775E+00  1.40308289E+01  2.18818552E-02 -6.00548060E+01  9.91238135E-03 -4.60239772E+01  2.07671479E-02  1.17558629E+01  8.81926359E-02  1.50371999E+02  2.21099677E+00  3.11107901E-04  2.33393550E-06  7.63268504E-01  6.37598960E-04
 -6.90000000E+01  1.29660133E+02  9.77830037E-01 -5.56203125E+02  4.02561927E+00 -4.26542991E+02  3.07878884E+00  2.13507381E+02  1.54596645E+00  1.39424068E+01  2.53823066E-02 -5.99056083E+01  8.83745873E-03 -4.59632015E+01  2.44505466E-02  9.27609235E+00  6.67085286E-02  9.56030437E+01  1.33146392E+00  2.45483096E-04  1.76537873E-06  7.58464330E-01  6.10129635E-04
 -7.00000000E+01  1.02967613E+02  8.90377662E-01 -4.43390501E+02  3.64887078E+00 -3.40422888E+02  2.79954180E+00  1.77855649E+02  1.45754768E+00  1.38457686E+01  2.72540937E-02 -5.97711048E+01  2.18920360E-02 -4.59253362E+01  3.04286717E-02  7.40397911E+00  6.05876243E-02  6.23800099E+01  9.71356622E-01  1.95939372E-04  1.60339473E-06  7.65262002E-01  5.93035269E-04
 -7.10000000E+01  8.11916989E+01  7.39812227E-01 -3.49872618E+02  3.24327448E+00 -2.68680919E+02  2.52792043E+00  1.46649954E+02  1.31636027E+00  1.38076178E+01  2.94393915E-02 -5.95629440E+01  3.29983924E-02 -4.57553262E+01  4.01348636E-02  5.84973061E+00  5.39225452E-02  4.01172886E+01  7.11532546E-01  1.54807641E-04  1.42700965E-06  7.62692626E-01  6.07454311E-04
 -7.20000000E+01  6.45097786E+01  6.61181564E-01 -2.79822557E+02  2.79380451E+00 -2.15312778E+02  2.15335834E+00  1.21977581E+02  1.21264637E+00  1.36054782E+01  3.89733094E-02 -5.90644901E+01  6.96102500E-02 -4.54590119E+01  6.24998759E-02  4.68458832E+00  4.65775174E-02  2.67557061E+01  4.88822964E-01  1.23973242E-04  1.23263037E-06  7.59057701E-01  5.91700557E-04
 -7.30000000E+01  5.17442287E+01  6.02179426E-01 -2.22740327E+02  2.50124919E+00 -1.70996098E+02  1.91497004E+00  1.01357087E+02  1.13874243E+00  1.35135444E+01  4.65946458E-02 -5.80970101E+01  1.19714955E-01 -4.45834658E+01  9.94488589E-02  3.73086555E+00  4.16937485E-02  1.77540584E+01  3.63600605E-01  9.87338623E-05  1.10338600E-06  7.64161510E-01  5.90454028E-04
 -7.40000000E+01  4.09216027E+01  5.47056390E-01 -1.76669418E+02  2.34415317E+00 -1.35747816E+02  1.81128094E+00  8.34300692E+01  1.09879864E+00  1.30472963E+01  6.51289966E-02 -5.63987248E+01  2.01031615E-01 -4.33514285E+01  1.50190744E-01  2.96186331E+00  3.92123619E-02  1.17841731E+01  2.69321329E-01  7.83829382E-05  1.03771843E-06  7.60118899E-01  6.27048764E-04
 -7.50000000E+01  3.29306212E+01  4.81061311E-01 -1.42388707E+02  2.04318498E+00 -1.09458086E+02  1.57293901E+00  6.95988483E+01  9.94317033E-01  1.24987596E+01  6.90458885E-02 -5.40786701E+01  2.37605979E-01 -4.15799105E+01  1.85622799E-01  2.38742579E+00  3.41511106E-02  8.12745074E+00  2.07867606E-01  6.31809874E-05  9.03777153E-07  7.66989037E-01  6.07121134E-04
 -7.60000000E+01  2.58549941E+01  3.54775298E-01 -1.11970254E+02  1.44937502E+00 -8.61152603E+01  1.11061336E+00  5.66305217E+01  7.38192459E-01  1.16133248E+01  7.79210509E-02 -5.03567875E+01  2.80335295E-01 -3.87434627E+01  2.21181722E-01  1.87823397E+00  2.42055679E-02  5.43317037E+00  1.15778414E-01  4.97057028E-05  6.40577682E-07  7.61352182E-01  5.99095584E-04
 -7.70000000E+01  2.04096068E+01  3.11489309E-01 -8.84256775E+01  1.30871484E+00 -6.80160708E+01  1.01078712E+00  4.62524284E+01  6.83216239E-01  1.05322841E+01  9.35058580E-02 -4.57488745E+01  3.55889850E-01 -3.52165904E+01  2.81776254E-01  1.48400648E+00  2.18970282E-02  3.74370730E+00  9.68639655E-02  3.92728415E-05  5.79484340E-07  7.66737458E-01  6.23604206E-04
 -7.80000000E+01  1.64598191E+01  2.57773138E-01 -7.10502964E+01  1.08650908E+00 -5.45904773E+01  8.40687101E-01  3.84516020E+01  5.86143660E-01  9.66385190E+00  9.87686657E-02 -4.15420890E+01  3.88487168E-01 -3.18782371E+01  3.04852818E-01  1.19284717E+00  1.82084586E-02  2.62194715E+00  6.71731325E-02  3.15675831E-05  4.81869801E-07  7.63441702E-01  6.18113661E-04
 -7.90000000E+01  1.29800704E+01  2.53782346E-01 -5.65719482E+01  1.05873515E+00 -4.35918777E+01  8.16344424E-01  3.14478753E+01  5.92633326E-01  8.36677387E+00  1.21038538E-01 -3.64991470E+01  4.71997234E-01 -2.81323732E+01  3.60944882E-01  9.49870292E-01  1.77564068E-02  1.85485907E+00  5.36090534E-02  2.51374276E-05  4.69906675E-07  7.68518545E-01  6.50382381E-04
 -8.00000000E+01  1.07548047E+01  2.05581974E-01 -4.65744983E+01  8.55529340E-01 -3.58196935E+01  6.59349766E-01  2.67620521E+01  4.93830939E-01  7.50551400E+00  1.13275067E-01 -3.25378986E+01  4.40013028E-01 -2.50323846E+01  3.41406245E-01  7.82271820E-01  1.43504113E-02  1.38074564E+00  3.86150116E-02  2.07020910E-05  3.79770193E-07  7.71746492E-01  5.85232413E-04
 -8.10000000E+01  8.37414163E+00  1.85646010E-01 -3.65620297E+01  8.06789902E-01 -2.81878880E+01  6.29056587E-01  2.15387171E+01  4.71776822E-01  6.22563065E+00  1.09067086E-01 -2.71957483E+01  4.50445530E-01 -2.09701176E+01  3.50852791E-01  6.13908705E-01  1.35411922E-02  9.93414817E-01  3.32700991E-02  1.62465189E-05  3.58354968E-07  7.76745228E-01  6.14783712E-04
 -8.20000000E+01  6.85974265E+00  1.91192573E-01 -2.98511302E+01  7.77450808E-01 -2.29913875E+01  5.92643375E-01  1.81162004E+01  4.80438603E-01  5.33646764E+00  1.22725858E-01 -2.32600127E+01  4.84681785E-01 -1.79235451E+01  3.69169272E-01  5.01312048E-01  1.30432402E-02  7.62319780E-01  2.74085702E-02  1.32667538E-05  3.45177134E-07  7.82551394E-01  6.06577852E-04
 -8.30000000E+01  5.29264375E+00  1.43733414E-01 -2.30562248E+01  6.11027803E-01 -1.77635811E+01  4.74054327E-01  1.43906893E+01  3.81117491E-01  4.31215702E+00  1.02404154E-01 -1.87304482E+01  4.26340244E-01 -1.44182912E+01  3.30512652E-01  3.87400848E-01  1.02623177E-02  5.53596907E-01  2.03679441E-02  1.02522006E-05  2.71582626E-07  7.86484837E-01  5.92133235E-04
 -8.40000000E+01  4.25184020E+00  1.29165096E-01 -1.83816126E+01  5.45428760E-01 -1.41297724E+01  4.22162802E-01  1.17998336E+01  3.48919939E-01  3.68369158E+00  9.88458690E-02 -1.59367267E+01  4.10447918E-01 -1.22530351E+01  3.17483725E-01  3.08685786E-01  9.14407297E-03  3.99488778E-01  1.60127670E-02  8.16908018E-06  2.41989326E-07  7.90884234E-01  6.40950195E-04
 -8.50000000E+01  3.38994125E+00  1.06109970E-01 -1.45795042E+01  4.48882032E-01 -1.11895630E+01  3.47971593E-01  9.62705794E+00  2.95352160E-01  2.99036279E+00  8.43320062E-02 -1.28111308E+01  3.49964908E-01 -9.82076796E+00  2.71245414E-01  2.44901423E-01  7.53824938E-03  3.12123783E-01  1.30122564E-02  6.48108676E-06  1.99492709E-07  7.94502381E-01  5.75086702E-04
 -8.60000000E+01  2.70059206E+00  1.09743882E-01 -1.15212356E+01  4.45016803E-01 -8.82064357E+00  3.39493354E-01  7.83488216E+00  3.06084757E-01  2.45144681E+00  9.45816496E-02 -1.04799450E+01  3.88293153E-01 -8.02849817E+00  2.97945976E-01  1.93668904E-01  7.48219377E-03  2.30213771E-01  9.94910313E-03  5.12526614E-06  1.98009250E-07  7.98714178E-01  5.62061673E-04
 -8.70000000E+01  2.23906862E+00  9.06623514E-02 -9.70842794E+00  3.99824800E-01 -7.46935932E+00  3.13821977E-01  6.73230943E+00  2.72612448E-01  2.07645965E+00  7.81686771E-02 -8.98387352E+00  3.41712389E-01 -6.90741387E+00  2.68585318E-01  1.63237572E-01  6.71616646E-03  1.88723457E-01  9.27476151E-03  4.31992944E-06  1.77737054E-07  8.02926900E-01  6.12074394E-04
 -8.80000000E+01  1.68560030E+00  8.46121850E-02 -7.24768261E+00  3.48418299E-01 -5.56208231E+00  2.66867500E-01  5.15272029E+00  2.50785302E-01  1.58016136E+00  7.70368791E-02 -6.78920525E+00  3.14055455E-01 -5.20904389E+00  2.39941118E-01  1.21759120E-01  5.86594678E-03  1.37506247E-01  7.41149348E-03  3.22224107E-06  1.55236787E-07  8.07092042E-01  5.55596740E-04
 -8.90000000E+01  1.33493375E+00  7.52550417E-02 -5.78180496E+00  3.18560098E-01 -4.44687121E+00  2.45346185E-01  4.20516528E+00  2.31584905E-01  1.26254339E+00  6.61717486E-02 -5.44227719E+00  2.77523090E-01 -4.17973380E+00  2.13443445E-01  9.72138931E-02  5.34852011E-03  1.09507746E-01  7.29672382E-03  2.57267462E-06  1.41543575E-07  8.09033654E-01  5.63975308E-04
 -9.00000000E+01  1.10435596E+00  6.29137671E-02 -4.72131340E+00  2.53258830E-01 -3.61695745E+00  1.94490292E-01  3.51782516E+00  1.90115265E-01  1.06524964E+00  5.87904378E-02 -4.55112049E+00  2.35629219E-01 -3.48587085E+00  1.80803184E-01  7.92753623E-02  4.24669114E-03  8.49775112E-02  5.00571194E-03  2.09794821E-06  1.12384703E-07  8.12319262E-01  5.89315445E-04
 -9.10000000E+01  7.81123479E-01  4.93116945E-02 -3.35948333E+00  1.99508752E-01 -2.57835986E+00  1.53216431E-01  2.56102545E+00  1.53476933E-01  7.62837033E-01  4.73502319E-02 -3.27742439E+00  1.91049361E-01 -2.51458735E+00  1.46844785E-01  5.64767616E-02  3.35473037E-03  5.93703148E-02  3.79428329E-03  1.49460460E-06  8.87797971E-08  8.15381534E-01  5.66811011E-04
 -9.20000000E+01  6.34841438E-01  4.81389468E-02 -2.85452721E+00  1.88174532E-01 -2.21968577E+00  1.44070503E-01  2.19406079E+00  1.48145563E-01  6.22431955E-01  4.68867858E-02 -2.79871478E+00  1.82970145E-01 -2.17628283E+00  1.40427371E-01  4.79755061E-02  3.15265143E-03  4.98550362E-02  3.38030068E-03  1.26962683E-06  8.34319671E-08  8.20207427E-01  5.53771530E-04
 -9.30000000E+01  5.16406761E-01  3.82075139E-02 -2.21169770E+00  1.57633295E-01 -1.69529094E+00  1.21933551E-01  1.76367681E+00  1.25660119E-01  5.06468049E-01  3.72808621E-02 -2.16611389E+00  1.52355980E-01 -1.65964584E+00  1.17393189E-01  3.71932017E-02  2.65117284E-03  3.87328168E-02  2.92063906E-03  9.84283245E-07  7.01608059E-08  8.22270014E-01  5.46391695E-04
 -9.40000000E+01  4.38400134E-01  4.05828851E-02 -1.87552430E+00  1.58603015E-01 -1.43712417E+00  1.20840084E-01  1.52619000E+00  1.31192640E-01  4.28632055E-01  3.85204209E-02 -1.83834849E+00  1.52625016E-01 -1.40971643E+00  1.16750661E-01  3.15246188E-02  2.66651854E-03  3.27743064E-02  2.93046341E-03  8.34269510E-07  7.05669156E-08  8.26187817E-01  5.64763806E-04
 -9.50000000E+01  3.64499619E-01  3.56033738E-02 -1.59544531E+00  1.50776514E-01 -1.23094569E+00  1.16643447E-01  1.31909181E+00  1.24422301E-01  3.60630552E-01  3.47539316E-02 -1.57435844E+00  1.46862519E-01 -1.21372788E+00  1.13632658E-01  2.68425000E-02  2.53057868E-03  2.75525000E-02  2.71928242E-03  7.10361620E-07  6.69693945E-08  8.28958251E-01  5.49619646E-04
 -9.60000000E+01  2.72552225E-01  2.86470202E-02 -1.21316122E+00  1.19631157E-01 -9.40608999E-01  9.28522709E-02  1.01803100E+00  1.01159263E-01  2.70146458E-01  2.81546572E-02 -1.20560338E+00  1.18492266E-01 -9.35456924E-01  9.21760503E-02  2.04025000E-02  2.01263160E-03  2.06525000E-02  2.05763546E-03  5.39933052E-07  5.32624102E-08  8.32482186E-01  5.92248966E-04
 -9.70000000E+01  1.99868673E-01  2.29248561E-02 -8.63789776E-01  9.63289929E-02 -6.63921103E-01  7.51661191E-02  7.41366397E-01  8.25473364E-02  1.97719263E-01  2.26423452E-02 -8.55993367E-01  9.57427298E-02 -6.58274104E-01  7.48502841E-02  1.44875000E-02  1.61344918E-03  1.47525000E-02  1.66502467E-03  3.83398118E-07  4.26984212E-08  8.34756742E-01  5.78149804E-04
 -9.80000000E+01  1.48017939E-01  1.94127454E-02 -6.79012734E-01  8.15932608E-02 -5.30994794E-01  6.41437606E-02  5.90860206E-01  7.15198416E-02  1.48018391E-01  1.94129055E-02 -6.78171268E-01  8.12546596E-02 -5.30152877E-01  6.38032260E-02  1.14475000E-02  1.37609256E-03  1.14775000E-02  1.38863463E-03  3.02947365E-07  3.64170008E-08  8.37518992E-01  5.55643724E-04
 -9.90000000E+01  1.38147222E-01  2.30473595E-02 -5.42713954E-01  8.05049173E-02 -4.04566731E-01  5.82441676E-02  5.01778269E-01  7.66433916E-02  1.37262591E-01  2.30683343E-02 -5.40343982E-01  8.04811449E-02 -4.03081391E-01  5.82096251E-02  9.15500000E-03  1.35857307E-03  9.23500000E-03  1.36293138E-03  2.42278500E-07  3.59533637E-08  8.39349090E-01  5.92753547E-04
 -1.00000000E+02  8.57240115E-02  1.47973694E-02 -3.71827754E-01  6.29598204E-02 -2.86103743E-01  4.90680129E-02  3.38646257E-01  5.68218289E-02  8.54299199E-02  1.47757174E-02 -3.70914805E-01  6.27216409E-02 -2.85484885E-01  4.89018443E-02  6.24750000E-03  1.05707735E-03  6.27750000E-03  1.06551475E-03  1.65334236E-07  2.79745618E-08  8.42216976E-01  5.66338436E-04
