#              u               K              ΔK               V              ΔV               E              ΔE            E_mu           ΔE_mu             K/N            ΔK/N             V/N            ΔV/N             E/N            ΔE/N               N              ΔN             N^2            ΔN^2         density        Δdensity        diagonal       Δdiagonal
 -7.00000000E+00  1.92923566E+04  7.79388205E+00 -3.82829831E+04  8.25019172E+00 -1.89906265E+04  6.22422601E+00 -1.49947246E+04  6.26551097E+00  3.37961648E+01  9.03381914E-03 -6.70639266E+01  7.57101371E-03 -3.32677618E+01  1.21026802E-02  5.70843139E+02  8.76974262E-02  3.25862412E+05  1.00102137E+02  1.51068290E-02  2.32083043E-06  9.92041126E-01  2.80178379E-04
 -8.00000000E+00  1.91587741E+04  9.87645675E+00 -3.81715208E+04  9.72372197E+00 -1.90127467E+04  6.10212346E+00 -1.44659245E+04  6.35151254E+00  3.37091187E+01  1.03860805E-02 -6.71616741E+01  8.18741946E-03 -3.34525554E+01  1.39143211E-02  5.68352778E+02  1.22963206E-01  3.23026140E+05  1.39827098E+02  1.50409239E-02  3.25410551E-06  9.88732248E-01  4.47523442E-04
 -9.00000000E+00  1.74851728E+04  2.19218232E+01 -3.64221936E+04  1.76169842E+01 -1.89370208E+04  6.02816361E+00 -1.39924730E+04  7.56657979E+00  3.18254382E+01  2.65364922E-02 -6.62950688E+01  4.84316237E-03 -3.44696305E+01  2.29480832E-02  5.49394208E+02  2.31438505E-01  3.01838378E+05  2.55801368E+02  1.45392031E-02  6.12480338E-06  9.78230839E-01  3.83293127E-03
 -1.00000000E+01  1.83594365E+04  6.77506211E+00 -3.72786333E+04  6.86989198E+00 -1.89191967E+04  2.53637161E+00 -1.33368244E+04  2.66214895E+00  3.28880974E+01  7.54497752E-03 -6.67791687E+01  3.98051561E-03 -3.38910713E+01  6.68346183E-03  5.58237233E+02  8.13227244E-02  3.11629709E+05  9.07892415E+01  1.47732255E-02  2.15213012E-06  9.81875247E-01  3.15325939E-03
 -1.10000000E+01  1.75158597E+04  1.14958604E+01 -3.63643220E+04  8.95866734E+00 -1.88484623E+04  5.56520211E+00 -1.28185007E+04  6.29895971E+00  3.19526087E+01  1.39052560E-02 -6.63366645E+01  4.53256677E-03 -3.43840558E+01  1.52268887E-02  5.48178333E+02  1.26280451E-01  3.00500761E+05  1.39151690E+02  1.45070261E-02  3.34189511E-06  9.81272515E-01  2.36465819E-03
 -1.20000000E+01  1.71355993E+04  2.05357286E+01 -3.59037956E+04  2.15212824E+01 -1.87681963E+04  3.60348402E+00 -1.22541258E+04  4.07209828E+00  3.15659244E+01  2.21251673E-02 -6.61405754E+01  7.35951632E-03 -3.45746510E+01  1.63591000E-02  5.42839207E+02  2.70614678E-01  2.94679338E+05  2.94911453E+02  1.43657312E-02  7.16156370E-06  9.67278382E-01  3.71187615E-03
 -1.30000000E+01  1.68891252E+04  1.54431731E+01 -3.56093427E+04  1.66259905E+01 -1.87202175E+04  5.97754676E+00 -1.17086532E+04  6.08383026E+00  3.13132363E+01  1.69803472E-02 -6.60224222E+01  8.39562127E-03 -3.47091859E+01  1.55575905E-02  5.39351102E+02  2.08069113E-01  2.90903496E+05  2.24601022E+02  1.42734217E-02  5.50635397E-06  9.74221325E-01  7.74585892E-04
 -1.40000000E+01  1.61297124E+04  1.64897616E+01 -3.47551383E+04  1.40241432E+01 -1.86254259E+04  6.55602035E+00 -1.12142521E+04  7.82620458E+00  3.04690821E+01  2.02456036E-02 -6.56537586E+01  4.53784344E-03 -3.51846765E+01  2.02871478E-02  5.29369559E+02  1.99966990E-01  2.80235949E+05  2.12785845E+02  1.40092695E-02  5.29193919E-06  9.45899238E-01  6.28068009E-03
 -1.50000000E+01  1.57146083E+04  3.94882629E+01 -3.41707906E+04  4.80014685E+01 -1.84561823E+04  1.03193631E+01 -1.06281896E+04  5.30886581E+00  3.01088821E+01  4.10732156E-02 -6.54768418E+01  1.68549073E-02 -3.53679597E+01  2.57607861E-02  5.21866181E+02  6.04357801E-01  2.72372489E+05  6.33466849E+02  1.38106997E-02  1.59937637E-05  8.61339567E-01  1.27693522E-02
 -1.60000000E+01  1.40461940E+04  1.05245229E+01 -3.22485215E+04  1.23819652E+01 -1.82023275E+04  3.70548918E+00 -1.02082825E+04  3.76781513E+00  2.81117035E+01  1.26103215E-02 -6.45446444E+01  3.70408384E-03 -3.64329409E+01  1.07819263E-02  4.99627809E+02  1.67530076E-01  2.49641433E+05  1.67794893E+02  1.32221820E-02  4.43352660E-06  7.95431023E-01  1.36181949E-02
 -1.70000000E+01  1.39306522E+04  3.05111332E+00 -3.20750772E+04  3.65140244E+00 -1.81444250E+04  1.69512364E+00 -9.72792183E+03  1.48113617E+00  2.81371820E+01  3.86361780E-03 -6.47864773E+01  1.63500172E-03 -3.66492954E+01  3.55020813E-03  4.95088420E+02  4.92126431E-02  2.45117652E+05  4.88161459E+01  1.31020513E-02  1.30236648E-06  7.35797867E-01  9.70840736E-03
 -1.80000000E+01  1.35477446E+04  3.85314187E+00 -3.16046818E+04  2.98376730E+00 -1.80569372E+04  4.25929791E+00 -9.24852384E+03  4.28973795E+00  2.76844483E+01  6.66524860E-03 -6.45841488E+01  3.03525085E-03 -3.68997005E+01  9.07793078E-03  4.89356295E+02  4.06557405E-02  2.39473781E+05  3.98219424E+01  1.29503560E-02  1.07591610E-06  7.36469689E-01  2.62341705E-03
 -1.90000000E+01  1.31244974E+04  4.37059330E+00 -3.10417972E+04  7.73144705E+00 -1.79172998E+04  4.54916401E+00 -8.74831294E+03  3.12157659E+00  2.71961467E+01  5.38269488E-03 -6.43247658E+01  4.36772703E-03 -3.71286192E+01  4.74924007E-03  4.82578253E+02  8.86391971E-02  2.32887141E+05  8.52143471E+01  1.27709815E-02  2.34575332E-06  7.07117484E-01  4.83322689E-03
 -2.00000000E+01  1.33271566E+04  3.23747096E+00 -3.12857947E+04  7.73313487E+00 -1.79586381E+04  5.40492818E+00 -8.26690649E+03  3.75035969E+00  2.75017126E+01  4.20019961E-03 -6.45617256E+01  4.38119983E-03 -3.70600130E+01  5.12874978E-03  4.84586582E+02  8.94264646E-02  2.34829664E+05  8.57394130E+01  1.28241300E-02  2.36658767E-06  7.19860170E-01  2.68148311E-03
 -2.10000000E+01  1.25023703E+04  2.45508550E+01 -3.01362333E+04  2.12321506E+01 -1.76338630E+04  1.04674642E+01 -7.76096147E+03  1.15471909E+01  2.65916359E+01  4.11364220E-02 -6.41005022E+01  1.34480315E-02 -3.75088664E+01  2.92872004E-02  4.70138167E+02  2.47625380E-01  2.21039017E+05  2.33468110E+02  1.24417662E-02  6.55317373E-06  7.77126238E-01  4.96631371E-03
 -2.20000000E+01  1.13598694E+04  3.44360015E+01 -2.84600693E+04  4.80807246E+01 -1.71001999E+04  1.49182718E+01 -7.21233291E+03  4.66639192E+00  2.52717066E+01  4.46104560E-02 -6.33208727E+01  2.53866763E-02 -3.80491662E+01  2.04999249E-02  4.49448497E+02  5.95124725E-01  2.02033525E+05  5.37285186E+02  1.18942335E-02  1.57494183E-05  4.90856602E-01  5.94488128E-03
 -2.30000000E+01  1.10959736E+04  1.88205529E+01 -2.78158758E+04  3.17318402E+01 -1.67199022E+04  1.45109382E+01 -6.72597046E+03  5.10633167E+00  2.55357151E+01  1.50130105E-02 -6.40207303E+01  1.25635267E-02 -3.84850152E+01  2.21436016E-02  4.34518771E+02  5.64380662E-01  1.88882326E+05  4.87804651E+02  1.14991323E-02  1.49358057E-05  4.47431412E-01  3.75857029E-03
 -2.40000000E+01  1.03295693E+04  9.74325173E+00 -2.60824177E+04  1.32972966E+01 -1.57528484E+04  6.15334200E+00 -6.20948041E+03  3.64169491E+00  2.59774151E+01  1.52159215E-02 -6.55962366E+01  1.09776161E-02 -3.96188215E+01  1.41884104E-02  3.97640332E+02  2.35893936E-01  1.58146573E+05  1.87809657E+02  1.05231789E-02  6.24271196E-06  7.57655572E-01  1.67461028E-03
 -2.50000000E+01  9.12744270E+03  3.98398317E+01 -2.43603738E+04  5.21658083E+01 -1.52329311E+04  1.32132647E+01 -5.86742060E+03  5.58550838E+00  2.43580993E+01  6.41704737E-02 -6.50254985E+01  2.79703875E-02 -4.06673992E+01  3.91315165E-02  3.74620420E+02  6.58928579E-01  1.40377639E+05  4.95201732E+02  9.91397852E-03  1.74379277E-05  8.05128643E-01  1.73586452E-03
 -2.60000000E+01  8.80405546E+03  1.22743219E+01 -2.38621254E+04  1.52938891E+01 -1.50580700E+04  3.45442054E+00 -5.53613931E+03  2.38258513E+00  2.40387040E+01  2.05818381E-02 -6.51571796E+01  7.52437136E-03 -4.11184756E+01  1.38905469E-02  3.66228102E+02  1.98807225E-01  1.34138840E+05  1.46615698E+02  9.69188368E-03  5.26124698E-06  6.75101405E-01  1.59614712E-02
 -2.70000000E+01  8.54093273E+03  9.77940580E+00 -2.33544286E+04  1.65601767E+01 -1.48134959E+04  7.05341368E+00 -5.16206461E+03  2.99298919E+00  2.38923946E+01  1.66269963E-02 -6.53353532E+01  1.70669624E-02 -4.14429585E+01  6.38688346E-03  3.57460417E+02  1.74031957E-01  1.27797612E+05  1.23473007E+02  9.45985511E-03  4.60559273E-06  6.68641421E-01  1.34642141E-02
 -2.80000000E+01  8.24602072E+03  7.01360853E+00 -2.27288533E+04  1.30585909E+01 -1.44828325E+04  6.29270517E+00 -4.79689278E+03  2.39236205E+00  2.38371469E+01  1.11279633E-02 -6.57072673E+01  1.13497910E-02 -4.18701204E+01  6.92226117E-03  3.45926420E+02  1.50376010E-01  1.19695901E+05  1.03415890E+02  9.15461869E-03  3.97956026E-06  6.72298591E-01  1.32866232E-02
 -2.90000000E+01  7.41521892E+03  3.40371689E+00 -2.10341951E+04  7.47740438E+00 -1.36189762E+04  4.39317921E+00 -4.45697848E+03  1.26009066E+00  2.34738526E+01  4.15979331E-03 -6.65908120E+01  8.32415578E-03 -4.31169594E+01  7.98296031E-03  3.15930954E+02  1.49465100E-01  9.98785859E+04  9.43599076E+01  8.36081679E-03  3.95545387E-06  6.90872050E-01  1.23357949E-02
 -3.00000000E+01  7.21328292E+03  3.82800508E+00 -2.01287363E+04  8.26753653E+00 -1.29154534E+04  4.77274921E+00 -4.15697952E+03  9.51852251E-01  2.47131497E+01  6.63287870E-03 -6.89634597E+01  1.18920920E-02 -4.42503100E+01  8.99301495E-03  2.91949129E+02  1.58651199E-01  8.52966590E+04  9.32805924E+01  7.72616024E-03  4.19855537E-06  7.25941880E-01  9.91157161E-03
 -3.10000000E+01  5.91446659E+03  4.76212128E+00 -1.76516743E+04  7.05388715E+00 -1.17372077E+04  2.94743519E+00 -3.99336421E+03  1.51317885E+00  2.36785099E+01  1.11027016E-02 -7.06697074E+01  9.23549041E-03 -4.69911975E+01  1.17303162E-02  2.49801402E+02  1.13675932E-01  6.24160930E+04  5.70152534E+01  6.61076012E-03  3.00832706E-06  8.33505608E-01  3.34256764E-04
 -3.20000000E+01  5.77873800E+03  1.97577987E+01 -1.73381328E+04  3.35405220E+01 -1.15593947E+04  1.40632871E+01 -3.77204235E+03  2.69176603E+00  2.37434165E+01  4.26460851E-02 -7.12478547E+01  2.11696818E-02 -4.75044381E+01  2.48245565E-02  2.43354762E+02  4.04913616E-01  5.92361294E+04  1.95944085E+02  6.44015585E-03  1.07156596E-05  8.09682298E-01  3.76592321E-04
 -3.30000000E+01  5.43950840E+03  2.24020400E+00 -1.67600270E+04  2.77980106E+00 -1.13205186E+04  1.81607825E+00 -3.55425593E+03  1.51272991E+00  2.31136537E+01  7.37323971E-03 -7.12172587E+01  3.99064712E-03 -4.81036050E+01  7.14137457E-03  2.35341293E+02  3.72127180E-02  5.53881761E+04  1.75356590E+01  6.22808689E-03  9.84799732E-07  8.09313389E-01  3.42692435E-04
 -3.40000000E+01  5.54261427E+03  1.96362971E+00 -1.69106357E+04  3.45404060E+00 -1.13680214E+04  2.01135163E+00 -3.33398522E+03  1.10994111E+00  2.34564723E+01  5.52707436E-03 -7.15665090E+01  4.25855936E-03 -4.81100367E+01  4.80727340E-03  2.36295183E+02  3.96549227E-02  5.58370578E+04  1.86823060E+01  6.25333068E-03  1.04943039E-06  7.92158903E-01  3.26582558E-04
 -3.50000000E+01  5.01704970E+03  2.15096387E+00 -1.60211744E+04  3.24311986E+00 -1.10041247E+04  1.66111070E+00 -3.10584210E+03  1.11943847E+00  2.22322225E+01  6.52992430E-03 -7.09956445E+01  4.11605666E-03 -4.87634220E+01  5.82804736E-03  2.25665217E+02  3.64838307E-02  5.09256898E+04  1.64530948E+01  5.97201859E-03  9.65510427E-07  8.10508590E-01  3.38952936E-04
 -3.60000000E+01  4.95684132E+03  1.11449892E+01 -1.58667806E+04  2.06206050E+01 -1.09099393E+04  1.00090065E+01 -2.84892851E+03  3.29379913E+00  2.21348138E+01  2.78719780E-02 -7.08588143E+01  2.07209226E-02 -4.87240005E+01  1.55980317E-02  2.23916967E+02  2.29678282E-01  5.01434662E+04  1.02393053E+02  5.92575279E-03  6.07822061E-06  8.10349608E-01  7.32806943E-04
 -3.70000000E+01  4.99685647E+03  2.98532271E+00 -1.59782360E+04  5.18876926E+00 -1.09813795E+04  2.61933468E+00 -2.65971905E+03  1.19047999E+00  2.22168257E+01  8.35219020E-03 -7.10427074E+01  5.50572676E-03 -4.88258817E+01  5.12906200E-03  2.24909742E+02  5.71545935E-02  5.05853527E+04  2.55641023E+01  5.95202566E-03  1.51254276E-06  8.02143034E-01  3.81803080E-04
 -3.80000000E+01  4.75699995E+03  1.77328416E+01 -1.54943253E+04  3.67922781E+01 -1.07373254E+04  1.91489146E+01 -2.39574939E+03  3.80194593E+00  2.16646731E+01  4.04437050E-02 -7.05794868E+01  3.57798113E-02 -4.89148137E+01  8.09647277E-03  2.19515157E+02  4.10253682E-01  4.81998132E+04  1.80250195E+02  5.80926302E-03  1.08569795E-05  7.89405093E-01  1.45188731E-03
 -3.90000000E+01  4.46025835E+03  8.99503083E+00 -1.49062579E+04  1.74577111E+01 -1.04459996E+04  8.55924755E+00 -2.14713137E+03  1.26171051E+00  2.09573900E+01  2.25946875E-02 -7.00489311E+01  1.59650780E-02 -4.90915411E+01  8.69648294E-03  2.12791493E+02  2.01273534E-01  4.52865282E+04  8.58059966E+01  5.63132754E-03  5.32651555E-06  7.87349394E-01  9.48876481E-04
 -4.00000000E+01  4.32239391E+03  6.75680799E+00 -1.46378775E+04  1.26361293E+01 -1.03154835E+04  6.01594723E+00 -1.93134603E+03  9.87347345E-01  2.06185737E+01  1.79047503E-02 -6.98341238E+01  1.11759256E-02 -4.92155501E+01  7.98120088E-03  2.09603438E+02  1.48102882E-01  4.39396439E+04  6.20879993E+01  5.54695865E-03  3.91940404E-06  7.87363905E-01  8.12521762E-04
 -4.10000000E+01  4.17479625E+03  6.26841874E+00 -1.43507693E+04  1.21552447E+01 -1.01759730E+04  6.03038947E+00 -1.72311943E+03  1.00828397E+00  2.02467241E+01  1.65874844E-02 -6.96056394E+01  1.07281325E-02 -4.93589153E+01  7.30985763E-03  2.06167160E+02  1.43249673E-01  4.25106408E+04  5.91274095E+01  5.45602079E-03  3.79096841E-06  8.02078941E-01  9.26602447E-04
 -4.20000000E+01  4.01508100E+03  4.90708202E+00 -1.40270141E+04  9.45542171E+00 -1.00119331E+04  4.73796505E+00 -1.51618540E+03  1.04255342E+00  1.98458847E+01  1.37087384E-02 -6.93425157E+01  8.19146030E-03 -4.94966309E+01  7.17499362E-03  2.02279707E+02  1.13015323E-01  4.09233660E+04  4.57067267E+01  5.35314297E-03  2.99084465E-06  8.14302559E-01  7.18226598E-04
 -4.30000000E+01  3.84531128E+03  5.47967541E+00 -1.36763290E+04  1.10666039E+01 -9.83101776E+03  5.74592384E+00 -1.31545668E+03  1.01898845E+00  1.94137129E+01  1.50033345E-02 -6.90573147E+01  9.66695684E-03 -4.96436018E+01  7.00884282E-03  1.98036304E+02  1.32992837E-01  3.92253831E+04  5.27074627E+01  5.24084530E-03  3.51953087E-06  8.05383384E-01  8.86272632E-04
 -4.40000000E+01  3.68929601E+03  5.31795340E+00 -1.33449237E+04  1.10919056E+01 -9.65562766E+03  5.86409892E+00 -1.11977478E+03  8.35676304E-01  1.90130750E+01  1.45524289E-02 -6.87864902E+01  9.89369950E-03 -4.97734153E+01  5.64967054E-03  1.93996656E+02  1.33684547E-01  3.76431709E+04  5.18546207E+01  5.13393980E-03  3.53783631E-06  8.20591583E-01  9.50125997E-04
 -4.50000000E+01  3.52150289E+03  4.58697536E+00 -1.29688298E+04  9.89126703E+00 -9.44732694E+03  5.45342235E+00 -9.25403684E+02  8.41456636E-01  1.85909151E+01  1.27975677E-02 -6.84788047E+01  8.68959498E-03 -4.98878896E+01  5.53920313E-03  1.89376072E+02  1.20656712E-01  3.58720760E+04  4.57089230E+01  5.01166037E-03  3.19306686E-06  8.05373303E-01  7.80923541E-04
 -4.60000000E+01  3.34005683E+03  3.32233275E+00 -1.25495950E+04  7.28607091E+00 -9.20953813E+03  4.26578688E+00 -7.37112971E+02  8.47777654E-01  1.81297268E+01  9.79266729E-03 -6.81330153E+01  6.31961915E-03 -5.00032884E+01  4.93496258E-03  1.84183156E+02  9.03243463E-02  3.39330823E+04  3.32936703E+01  4.87423470E-03  2.39034922E-06  8.09044323E-01  6.94234562E-04
 -4.70000000E+01  3.13814280E+03  3.45624719E+00 -1.20614380E+04  7.95375121E+00 -8.92329522E+03  4.59811947E+00 -5.54850665E+02  6.75796483E-01  1.76192881E+01  9.95977126E-03 -6.77368317E+01  7.08944637E-03 -5.01175436E+01  4.40608811E-03  1.78052012E+02  9.91184844E-02  3.17141891E+04  3.53126593E+01  4.71197972E-03  2.62307784E-06  8.09086879E-01  7.60942744E-04
 -4.80000000E+01  2.91855314E+03  3.48345011E+00 -1.15028411E+04  8.59136666E+00 -8.58428798E+03  5.21035030E+00 -3.79017120E+02  7.45115213E-01  1.70667295E+01  9.89771478E-03 -6.72849924E+01  7.47717483E-03 -5.02182629E+01  4.65929665E-03  1.70943143E+02  1.09169606E-01  2.92363433E+04  3.73744878E+01  4.52385016E-03  2.88907137E-06  7.86748234E-01  8.68756834E-04
 -4.90000000E+01  2.67683509E+03  2.97504027E+00 -1.08370050E+04  7.84912896E+00 -8.16016990E+03  5.01369655E+00 -2.06922329E+02  6.83014559E-01  1.64840629E+01  8.76943724E-03 -6.67596938E+01  6.62048243E-03 -5.02756309E+01  4.28850687E-03  1.62311175E+02  1.01852528E-01  2.63644447E+04  3.30213503E+01  4.29541322E-03  2.69543174E-06  7.88356043E-01  6.65957391E-04
 -5.00000000E+01  2.37501756E+03  2.68360251E+00 -9.93664921E+03  7.40626557E+00 -7.56163166E+03  4.81270893E+00 -4.47415132E+01  5.72824479E-01  1.57878447E+01  8.04080967E-03 -6.60856495E+01  6.05466749E-03 -5.02978048E+01  3.81246408E-03  1.50337803E+02  9.86390272E-02  2.26289557E+04  2.96349451E+01  3.97854914E-03  2.61038947E-06  7.87797217E-01  5.32742943E-04
 -5.10000000E+01  1.95045950E+03  2.83181323E+00 -8.51378984E+03  9.15002629E+00 -6.56333033E+03  6.38282127E+00  1.02677119E+02  4.57618057E-01  1.49067172E+01  7.97800286E-03 -6.51191209E+01  7.21285644E-03 -5.02124038E+01  3.44922796E-03  1.30706028E+02  1.26326755E-01  1.71356568E+04  3.29486554E+01  3.45901262E-03  3.34311925E-06  7.82756071E-01  3.96505855E-04
 -5.20000000E+01  1.25696212E+03  3.91601737E+00 -5.82336575E+03  1.56805054E+01 -4.56640363E+03  1.17878604E+01  1.95924167E+02  4.48846138E-01  1.36932245E+01  8.78692947E-03 -6.35421052E+01  9.96753039E-03 -4.98488807E+01  3.83437951E-03  9.15832268E+01  2.32879867E-01  8.49226886E+03  4.28837796E+01  2.42366432E-03  6.16294756E-06  7.88913365E-01  2.74196092E-04
 -5.30000000E+01  5.01108060E+02  1.19728072E+00 -2.49313052E+03  5.45494366E+00 -1.99202246E+03  4.26152423E+00  1.53108443E+02  3.00140457E-01  1.23313370E+01  4.00684540E-03 -6.15234550E+01  4.49430279E-03 -4.91921179E+01  2.34379905E-03  4.04741679E+01  8.58261609E-02  1.70588898E+03  7.07396263E+00  1.07111094E-03  2.27130896E-06  7.86402760E-01  1.20782667E-04
 -5.40000000E+01  2.07873692E+02  4.70261309E-01 -1.07684729E+03  2.30806257E+00 -8.68973594E+02  1.84111167E+00  9.20606337E+01  1.88209516E-01  1.16362950E+01  3.32177389E-03 -6.04375769E+01  2.79937108E-03 -4.88012819E+01  2.74394761E-03  1.77969301E+01  3.74585870E-02  3.40678242E+02  1.43742372E+00  4.70979087E-04  9.91306420E-07  7.77190099E-01  1.62131124E-04
 -5.50000000E+01  1.00561662E+02  2.14807110E-01 -5.30961050E+02  1.07742385E+00 -4.30399388E+02  8.64827826E-01  5.61670171E+01  1.15811344E-01  1.13208284E+01  3.66533629E-03 -5.99323296E+01  2.77044622E-03 -4.86115012E+01  3.67229704E-03  8.84666192E+00  1.77631351E-02  8.87179756E+01  3.47066753E-01  2.34118621E-04  4.70084732E-07  7.77730533E-01  1.17276276E-04
 -5.60000000E+01  5.23993075E+01  1.31323445E-01 -2.79412194E+02  6.74784059E-01 -2.27012886E+02  5.44519779E-01  3.47358281E+01  8.40649508E-02  1.10364773E+01  5.20613314E-03 -5.90099441E+01  1.62364727E-02 -4.79734668E+01  1.35488836E-02  4.67408418E+00  1.12029929E-02  2.69972446E+01  1.27823159E-01  1.23695260E-04  2.96476715E-07  7.64403742E-01  1.18109163E-04
 -5.70000000E+01  2.81943080E+01  7.90532183E-02 -1.51231791E+02  4.17466168E-01 -1.23037483E+02  3.39585253E-01  2.14658154E+01  5.99913178E-02  1.01455304E+01  1.01307701E-02 -5.45442215E+01  4.70205433E-02 -4.43986911E+01  3.86590192E-02  2.53514558E+00  6.98126461E-03  9.09824979E+00  4.51918686E-02  6.70902531E-05  1.84752629E-07  7.66332836E-01  1.24116714E-04
 -5.80000000E+01  1.54011100E+01  5.08381185E-02 -8.28594281E+01  2.67166343E-01 -6.74583181E+01  2.17262333E-01  1.31969685E+01  4.33916748E-02  8.23538299E+00  1.65988048E-02 -4.43803723E+01  8.04479833E-02 -3.61449893E+01  6.56218197E-02  1.39060839E+00  4.47605132E-03  3.36561422E+00  1.79058662E-02  3.68011485E-05  1.18454506E-07  7.65265904E-01  1.18538670E-04
 -5.90000000E+01  8.53871776E+00  3.36129468E-02 -4.59590934E+01  1.80363050E-01 -3.74203756E+01  1.47619048E-01  8.11457687E+00  3.17830633E-02  5.91192138E+00  1.69734594E-02 -3.18522066E+01  9.04599162E-02 -2.59402852E+01  7.45231497E-02  7.71778856E-01  3.02513731E-03  1.38181649E+00  8.34430769E-03  2.04244045E-05  8.00574255E-08  7.61788848E-01  1.18620505E-04
 -6.00000000E+01  4.70054526E+00  2.38171451E-02 -2.53751084E+01  1.25994819E-01 -2.06745631E+01  1.02777815E-01  4.90194209E+00  2.47133803E-02  3.80218108E+00  1.76401172E-02 -2.05430520E+01  8.99202132E-02 -1.67408709E+01  7.28726120E-02  4.26275087E-01  2.11541784E-03  6.13792587E-01  4.18995083E-03  1.12809709E-05  5.59825516E-08  7.66679644E-01  1.10806619E-04
 -6.10000000E+01  2.62416412E+00  1.93815475E-02 -1.41474944E+01  1.01619998E-01 -1.15233303E+01  8.26088769E-02  2.97504087E+00  2.17314431E-02  2.32280198E+00  1.54770380E-02 -1.25308031E+01  8.13618480E-02 -1.02080011E+01  6.62480324E-02  2.37678216E-01  1.70512891E-03  2.96774334E-01  2.68714199E-03  6.28993135E-06  4.51246395E-08  7.60052193E-01  1.18965124E-04
 -6.20000000E+01  1.45267337E+00  1.17110722E-02 -7.84317305E+00  6.18606601E-02 -6.39049969E+00  5.04755761E-02  1.77982552E+00  1.42245258E-02  1.35720683E+00  1.05419953E-02 -7.32872096E+00  5.47875234E-02 -5.97151413E+00  4.46901511E-02  1.31779439E-01  1.03910746E-03  1.49909457E-01  1.38690270E-03  3.48741941E-06  2.74990057E-08  7.62414435E-01  1.06688501E-04
 -6.30000000E+01  7.89404163E-01  8.22485680E-03 -4.26555626E+00  4.37549538E-02 -3.47615209E+00  3.58154383E-02  1.03999415E+00  1.07332198E-02  7.61882525E-01  7.73862840E-03 -4.11886152E+00  4.12218091E-02 -3.35697899E+00  3.37483245E-02  7.16848610E-02  7.35468243E-04  7.67657634E-02  8.63464325E-04  1.89707270E-06  1.94634782E-08  7.63833708E-01  1.16897297E-04
 -6.40000000E+01  4.37842610E-01  6.14603756E-03 -2.37610202E+00  3.28184054E-02 -1.93825941E+00  2.69492633E-02  6.17203743E-01  8.52495999E-03  4.28752505E-01  5.94529547E-03 -2.32723948E+00  3.18085930E-02 -1.89848697E+00  2.61009979E-02  3.99291118E-02  5.51509099E-04  4.15815578E-02  6.00775564E-04  1.05668654E-06  1.45951717E-08  7.64056081E-01  1.20570714E-04
 -6.50000000E+01  2.44203683E-01  4.54615359E-03 -1.32453361E+00  2.32252169E-02 -1.08032993E+00  1.89530839E-02  3.66443423E-01  6.62821308E-03  2.41635173E-01  4.52403026E-03 -1.31002105E+00  2.28144829E-02 -1.06838587E+00  1.86109283E-02  2.22580515E-02  3.90281991E-04  2.27541124E-02  4.10401876E-04  5.89038485E-07  1.03284473E-08  7.64205947E-01  1.16527265E-04
 -6.60000000E+01  1.30744473E-01  3.17143606E-03 -7.06930138E-01  1.67704557E-02 -5.76185665E-01  1.37426587E-02  2.07958783E-01  4.94364671E-03  1.30004055E-01  3.14432967E-03 -7.03043062E-01  1.66669384E-02 -5.73039007E-01  1.36588877E-02  1.18809765E-02  2.81865753E-04  1.20114749E-02  2.87130399E-04  3.14418914E-07  7.45931315E-09  7.63639604E-01  1.06643002E-04
 -6.70000000E+01  7.27292993E-02  2.26138792E-03 -3.92625545E-01  1.17785727E-02 -3.19896245E-01  9.60377063E-03  1.22156015E-01  3.71229754E-03  7.23731381E-02  2.24205586E-03 -3.90891266E-01  1.16858026E-02 -3.18518128E-01  9.52994554E-03  6.59779493E-03  1.97890821E-04  6.65593306E-03  2.02391329E-04  1.74604463E-07  5.23699523E-09  7.62358665E-01  1.05043779E-04
 -6.80000000E+01  4.20128077E-02  1.96929814E-03 -2.26928930E-01  1.00813062E-02 -1.84916122E-01  8.17678446E-03  7.44257823E-02  3.39786515E-03  4.19894313E-02  1.96843675E-03 -2.26738309E-01  1.00606656E-02 -1.84748877E-01  8.15643681E-03  3.81385154E-03  1.69571953E-04  3.82025882E-03  1.70327392E-04  1.00930009E-07  4.48756292E-09  7.60790278E-01  1.11271990E-04
 -6.90000000E+01  2.67329962E-02  1.57063567E-03 -1.45818909E-01  8.12273320E-03 -1.19085913E-01  6.62281858E-03  4.99123242E-02  2.81058241E-03  2.66491809E-02  1.57100929E-03 -1.45345717E-01  8.07728742E-03 -1.18696536E-01  6.58521023E-03  2.44924982E-03  1.36253824E-04  2.46510530E-03  1.38230851E-04  6.48171023E-08  3.60582982E-09  7.58717605E-01  1.16401657E-04
 -7.00000000E+01  1.20942313E-02  9.21281483E-04 -6.31418788E-02  4.67427194E-03 -5.10476474E-02  3.84729371E-03  2.32410056E-02  1.72547605E-03  1.20942313E-02  9.21281483E-04 -6.31418788E-02  4.67427194E-03 -5.10476474E-02  3.84729371E-03  1.06126647E-03  7.86067116E-05  1.06126647E-03  7.86067116E-05  2.80854231E-08  2.08025299E-09  7.65687497E-01  1.08264358E-04
 -7.10000000E+01  6.50315329E-03  7.03615059E-04 -3.44857049E-02  3.59725663E-03 -2.79825516E-02  2.92900404E-03  1.31336733E-02  1.38092020E-03  6.47234430E-03  6.98453473E-04 -3.43638695E-02  3.57985040E-03 -2.78915252E-02  2.91595497E-03  5.79101760E-04  6.03993350E-05  5.83147886E-04  6.11956730E-05  1.53253857E-08  1.59841183E-09  7.63213909E-01  1.08017468E-04
 -7.20000000E+01  3.16896137E-03  4.53504800E-04 -1.69649925E-02  2.36248462E-03 -1.37960312E-02  1.92200296E-03  6.72182057E-03  9.40225910E-04  3.16896137E-03  4.53504800E-04 -1.69649925E-02  2.36248462E-03 -1.37960312E-02  1.92200296E-03  2.84970163E-04  3.96546100E-05  2.84970163E-04  3.96546100E-05  7.54146844E-09  1.04942211E-09  7.60448708E-01  1.08159476E-04
 -7.30000000E+01  1.97106927E-03  3.14151769E-04 -1.12205583E-02  1.64442987E-03 -9.24948907E-03  1.35976436E-03  4.51701293E-03  6.74599779E-04  1.97106927E-03  3.14151769E-04 -1.12205583E-02  1.64442987E-03 -9.24948907E-03  1.35976436E-03  1.88582219E-04  2.76095145E-05  1.88582219E-04  2.76095145E-05  4.99065179E-09  7.30659941E-10  7.57257122E-01  1.20708119E-04
 -7.40000000E+01  1.25848365E-03  2.74341107E-04 -6.34825081E-03  1.26238655E-03 -5.08976716E-03  1.00332116E-03  2.79425172E-03  5.76078494E-04  1.25848365E-03  2.74341107E-04 -6.34825081E-03  1.26238655E-03 -5.08976716E-03  1.00332116E-03  1.06540796E-04  2.12254274E-05  1.06540796E-04  2.12254274E-05  2.81950236E-09  5.61711054E-10  7.63229105E-01  1.19018457E-04
 -7.50000000E+01  6.05051140E-04  1.61044031E-04 -3.59339973E-03  8.65908703E-04 -2.98834859E-03  7.14898357E-04  1.54427110E-03  3.82323346E-04  6.05051140E-04  1.61044031E-04 -3.59339973E-03  8.65908703E-04 -2.98834859E-03  7.14898357E-04  6.04349292E-05  1.45554496E-05  6.04349292E-05  1.45554496E-05  1.59935379E-09  3.85196341E-10  7.59830601E-01  1.14716175E-04
 -7.60000000E+01  4.61903703E-04  2.09230588E-04 -3.09955508E-03  1.23862151E-03 -2.63765138E-03  1.03804185E-03  1.33386027E-03  5.52902612E-04  4.61903703E-04  2.09230588E-04 -3.09955508E-03  1.23862151E-03 -2.63765138E-03  1.03804185E-03  5.22567323E-05  2.08819559E-05  5.22567323E-05  2.08819559E-05  1.38292547E-09  5.52621403E-10  7.65347592E-01  1.07266672E-04
 -7.70000000E+01  2.77297961E-04  1.39976419E-04 -1.63084397E-03  7.44882300E-04 -1.35354601E-03  6.07019824E-04  7.75767463E-04  3.68441127E-04  2.77297961E-04  1.39976419E-04 -1.63084397E-03  7.44882300E-04 -1.35354601E-03  6.07019824E-04  2.76534217E-05  1.26541580E-05  2.76534217E-05  1.26541580E-05  7.31821903E-10  3.34880439E-10  7.61654290E-01  1.18751040E-04
 -7.80000000E+01  8.54504600E-05  4.32016316E-05 -5.53896398E-04  3.01304415E-04 -4.68445937E-04  2.62035552E-04  2.67787608E-04  1.38849614E-04  8.54504600E-05  4.32016316E-05 -5.53896398E-04  3.01304415E-04 -4.68445937E-04  2.62035552E-04  9.43889160E-06  5.12486054E-06  9.43889160E-06  5.12486054E-06  2.49791426E-10  1.35624634E-10  7.66940544E-01  1.08878946E-04
 -7.90000000E+01  5.10265611E-06  2.67114821E-06 -4.46215821E-05  2.48089785E-05 -3.95189260E-05  2.25202998E-05  2.03956263E-05  1.09634429E-05  5.10265611E-06  2.67114821E-06 -4.46215821E-05  2.48089785E-05 -3.95189260E-05  2.25202998E-05  7.58412054E-07  4.21336053E-07  7.58412054E-07  4.21336053E-07  2.00706646E-11  1.11502640E-11  7.71908335E-01  1.10963201E-04
 -8.00000000E+01  7.02712977E-05  6.48546394E-05 -2.66684726E-04  2.38134572E-04 -1.96413428E-04  1.73357961E-04  1.67538483E-04  1.51481839E-04  7.02712977E-05  6.48546394E-05 -2.66684726E-04  2.38134572E-04 -1.96413428E-04  1.73357961E-04  4.54939889E-06  4.05998321E-06  4.54939889E-06  4.05998321E-06  1.20395581E-10  1.07443653E-10  7.76547312E-01  1.17131153E-04
 -8.10000000E+01  0.00000000E+00  0.00000000E+00  0.00000000E+00  0.00000000E+00  0.00000000E+00  0.00000000E+00  0.00000000E+00  0.00000000E+00  0.00000000E+00  0.00000000E+00  0.00000000E+00  0.00000000E+00  0.00000000E+00  0.00000000E+00  0.00000000E+00  0.00000000E+00  0.00000000E+00  0.00000000E+00  0.00000000E+00  0.00000000E+00  7.81360752E-01  1.13524458E-04
 -8.20000000E+01  0.00000000E+00  0.00000000E+00  0.00000000E+00  0.00000000E+00  0.00000000E+00  0.00000000E+00  0.00000000E+00  0.00000000E+00  0.00000000E+00  0.00000000E+00  0.00000000E+00  0.00000000E+00  0.00000000E+00  0.00000000E+00  0.00000000E+00  0.00000000E+00  0.00000000E+00  0.00000000E+00  0.00000000E+00  0.00000000E+00  7.85833782E-01  1.07205189E-04
 -8.30000000E+01  0.00000000E+00  0.00000000E+00  0.00000000E+00  0.00000000E+00  0.00000000E+00  0.00000000E+00  0.00000000E+00  0.00000000E+00  0.00000000E+00  0.00000000E+00  0.00000000E+00  0.00000000E+00  0.00000000E+00  0.00000000E+00  0.00000000E+00  0.00000000E+00  0.00000000E+00  0.00000000E+00  0.00000000E+00  0.00000000E+00  7.90109837E-01  1.06319710E-04
 -8.40000000E+01  0.00000000E+00  0.00000000E+00  0.00000000E+00  0.00000000E+00  0.00000000E+00  0.00000000E+00  0.00000000E+00  0.00000000E+00  0.00000000E+00  0.00000000E+00  0.00000000E+00  0.00000000E+00  0.00000000E+00  0.00000000E+00  0.00000000E+00  0.00000000E+00  0.00000000E+00  0.00000000E+00  0.00000000E+00  0.00000000E+00  7.93961452E-01  1.09045297E-04
 -8.50000000E+01  0.00000000E+00  0.00000000E+00  0.00000000E+00  0.00000000E+00  0.00000000E+00  0.00000000E+00  0.00000000E+00  0.00000000E+00  0.00000000E+00  0.00000000E+00  0.00000000E+00  0.00000000E+00  0.00000000E+00  0.00000000E+00  0.00000000E+00  0.00000000E+00  0.00000000E+00  0.00000000E+00  0.00000000E+00  0.00000000E+00  7.98268187E-01  1.15420972E-04
 -8.60000000E+01  0.00000000E+00  0.00000000E+00  0.00000000E+00  0.00000000E+00  0.00000000E+00  0.00000000E+00  0.00000000E+00  0.00000000E+00  0.00000000E+00  0.00000000E+00  0.00000000E+00  0.00000000E+00  0.00000000E+00  0.00000000E+00  0.00000000E+00  0.00000000E+00  0.00000000E+00  0.00000000E+00  0.00000000E+00  0.00000000E+00  8.02138897E-01  1.18175755E-04
 -8.70000000E+01  0.00000000E+00  0.00000000E+00  0.00000000E+00  0.00000000E+00  0.00000000E+00  0.00000000E+00  0.00000000E+00  0.00000000E+00  0.00000000E+00  0.00000000E+00  0.00000000E+00  0.00000000E+00  0.00000000E+00  0.00000000E+00  0.00000000E+00  0.00000000E+00  0.00000000E+00  0.00000000E+00  0.00000000E+00  0.00000000E+00  8.05807447E-01  1.22908468E-04
 -8.80000000E+01  0.00000000E+00  0.00000000E+00  0.00000000E+00  0.00000000E+00  0.00000000E+00  0.00000000E+00  0.00000000E+00  0.00000000E+00  0.00000000E+00  0.00000000E+00  0.00000000E+00  0.00000000E+00  0.00000000E+00  0.00000000E+00  0.00000000E+00  0.00000000E+00  0.00000000E+00  0.00000000E+00  0.00000000E+00  0.00000000E+00  8.09410033E-01  1.05583068E-04
 -8.90000000E+01  0.00000000E+00  0.00000000E+00  0.00000000E+00  0.00000000E+00  0.00000000E+00  0.00000000E+00  0.00000000E+00  0.00000000E+00  0.00000000E+00  0.00000000E+00  0.00000000E+00  0.00000000E+00  0.00000000E+00  0.00000000E+00  0.00000000E+00  0.00000000E+00  0.00000000E+00  0.00000000E+00  0.00000000E+00  0.00000000E+00  8.04938628E-01  1.05924432E-04
 -9.00000000E+01  0.00000000E+00  0.00000000E+00  0.00000000E+00  0.00000000E+00  0.00000000E+00  0.00000000E+00  0.00000000E+00  0.00000000E+00  0.00000000E+00  0.00000000E+00  0.00000000E+00  0.00000000E+00  0.00000000E+00  0.00000000E+00  0.00000000E+00  0.00000000E+00  0.00000000E+00  0.00000000E+00  0.00000000E+00  0.00000000E+00  8.08284117E-01  1.02422901E-04
 -9.10000000E+01  0.00000000E+00  0.00000000E+00  0.00000000E+00  0.00000000E+00  0.00000000E+00  0.00000000E+00  0.00000000E+00  0.00000000E+00  0.00000000E+00  0.00000000E+00  0.00000000E+00  0.00000000E+00  0.00000000E+00  0.00000000E+00  0.00000000E+00  0.00000000E+00  0.00000000E+00  0.00000000E+00  0.00000000E+00  0.00000000E+00  8.11890935E-01  1.02583809E-04
 -9.20000000E+01  0.00000000E+00  0.00000000E+00  0.00000000E+00  0.00000000E+00  0.00000000E+00  0.00000000E+00  0.00000000E+00  0.00000000E+00  0.00000000E+00  0.00000000E+00  0.00000000E+00  0.00000000E+00  0.00000000E+00  0.00000000E+00  0.00000000E+00  0.00000000E+00  0.00000000E+00  0.00000000E+00  0.00000000E+00  0.00000000E+00  8.15196962E-01  1.18390996E-04
 -9.30000000E+01  0.00000000E+00  0.00000000E+00  0.00000000E+00  0.00000000E+00  0.00000000E+00  0.00000000E+00  0.00000000E+00  0.00000000E+00  0.00000000E+00  0.00000000E+00  0.00000000E+00  0.00000000E+00  0.00000000E+00  0.00000000E+00  0.00000000E+00  0.00000000E+00  0.00000000E+00  0.00000000E+00  0.00000000E+00  0.00000000E+00  8.18521808E-01  1.01768099E-04
 -9.40000000E+01  0.00000000E+00  0.00000000E+00  0.00000000E+00  0.00000000E+00  0.00000000E+00  0.00000000E+00  0.00000000E+00  0.00000000E+00  0.00000000E+00  0.00000000E+00  0.00000000E+00  0.00000000E+00  0.00000000E+00  0.00000000E+00  0.00000000E+00  0.00000000E+00  0.00000000E+00  0.00000000E+00  0.00000000E+00  0.00000000E+00  8.21549001E-01  1.01314682E-04
 -9.50000000E+01  0.00000000E+00  0.00000000E+00  0.00000000E+00  0.00000000E+00  0.00000000E+00  0.00000000E+00  0.00000000E+00  0.00000000E+00  0.00000000E+00  0.00000000E+00  0.00000000E+00  0.00000000E+00  0.00000000E+00  0.00000000E+00  0.00000000E+00  0.00000000E+00  0.00000000E+00  0.00000000E+00  0.00000000E+00  0.00000000E+00  8.24483906E-01  1.00487165E-04
 -9.60000000E+01  0.00000000E+00  0.00000000E+00  0.00000000E+00  0.00000000E+00  0.00000000E+00  0.00000000E+00  0.00000000E+00  0.00000000E+00  0.00000000E+00  0.00000000E+00  0.00000000E+00  0.00000000E+00  0.00000000E+00  0.00000000E+00  0.00000000E+00  0.00000000E+00  0.00000000E+00  0.00000000E+00  0.00000000E+00  0.00000000E+00  8.27571244E-01  1.03936978E-04
 -9.70000000E+01  0.00000000E+00  0.00000000E+00  0.00000000E+00  0.00000000E+00  0.00000000E+00  0.00000000E+00  0.00000000E+00  0.00000000E+00  0.00000000E+00  0.00000000E+00  0.00000000E+00  0.00000000E+00  0.00000000E+00  0.00000000E+00  0.00000000E+00  0.00000000E+00  0.00000000E+00  0.00000000E+00  0.00000000E+00  0.00000000E+00  8.30145235E-01  1.06364374E-04
 -9.80000000E+01  0.00000000E+00  0.00000000E+00  0.00000000E+00  0.00000000E+00  0.00000000E+00  0.00000000E+00  0.00000000E+00  0.00000000E+00  0.00000000E+00  0.00000000E+00  0.00000000E+00  0.00000000E+00  0.00000000E+00  0.00000000E+00  0.00000000E+00  0.00000000E+00  0.00000000E+00  0.00000000E+00  0.00000000E+00  0.00000000E+00  8.33095950E-01  1.16116086E-04
 -9.90000000E+01  0.00000000E+00  0.00000000E+00  0.00000000E+00  0.00000000E+00  0.00000000E+00  0.00000000E+00  0.00000000E+00  0.00000000E+00  0.00000000E+00  0.00000000E+00  0.00000000E+00  0.00000000E+00  0.00000000E+00  0.00000000E+00  0.00000000E+00  0.00000000E+00  0.00000000E+00  0.00000000E+00  0.00000000E+00  0.00000000E+00  8.35562118E-01  1.07673722E-04
 -1.00000000E+02  0.00000000E+00  0.00000000E+00  0.00000000E+00  0.00000000E+00  0.00000000E+00  0.00000000E+00  0.00000000E+00  0.00000000E+00  0.00000000E+00  0.00000000E+00  0.00000000E+00  0.00000000E+00  0.00000000E+00  0.00000000E+00  0.00000000E+00  0.00000000E+00  0.00000000E+00  0.00000000E+00  0.00000000E+00  0.00000000E+00  8.38310401E-01  9.27993464E-05
