#              u               K              ΔK               V              ΔV               E              ΔE            E_mu           ΔE_mu             K/N            ΔK/N             V/N            ΔV/N             E/N            ΔE/N               N              ΔN             N^2            ΔN^2         density        Δdensity        diagonal       Δdiagonal
 -7.00000000E+00  1.92657648E+04  1.72384173E+01 -3.81997139E+04  8.17142754E+00 -1.89339492E+04  1.84122966E+01 -1.49416064E+04  1.90961489E+01  3.37795052E+01  2.34117506E-02 -6.69779005E+01  1.83245197E-02 -3.31983954E+01  3.81921595E-02  5.70334687E+02  1.36008198E-01  3.25282725E+05  1.55242175E+02  1.50933733E-02  3.59933025E-06  9.89215390E-01  6.01348617E-04
 -8.00000000E+00  1.91466613E+04  1.99208873E+01 -3.80880312E+04  8.51349464E+00 -1.89413699E+04  1.79073371E+01 -1.43975815E+04  1.93206290E+01  3.37099494E+01  2.33603994E-02 -6.70599320E+01  2.17756092E-02 -3.33499826E+01  4.21999339E-02  5.67973553E+02  2.13833529E-01  3.22596842E+05  2.43351188E+02  1.50308881E-02  5.65890403E-06  9.80966564E-01  5.36194402E-04
 -9.00000000E+00  1.78223798E+04  5.04000420E+01 -3.66653096E+04  3.67706555E+01 -1.88429298E+04  1.50007931E+01 -1.38698843E+04  1.93995949E+01  3.22511405E+01  5.93954165E-02 -6.63551587E+01  5.73402259E-03 -3.41040182E+01  5.74994336E-02  5.52560616E+02  5.36328794E-01  3.05338844E+05  5.98346112E+02  1.46229991E-02  1.41934395E-05  9.03915715E-01  2.29652505E-03
 -1.00000000E+01  1.83421551E+04  1.15488899E+01 -3.72584042E+04  6.30803124E+00 -1.89162491E+04  7.50430696E+00 -1.33356686E+04  8.47731906E+00  3.28676555E+01  1.38450021E-02 -6.67644330E+01  7.92299499E-03 -3.38967776E+01  1.96196032E-02  5.58058053E+02  1.23828710E-01  3.11429812E+05  1.38613519E+02  1.47684836E-02  3.27701067E-06  9.62424050E-01  6.14361106E-03
 -1.10000000E+01  1.75204175E+04  1.71978020E+01 -3.63620548E+04  1.19818427E+01 -1.88416373E+04  8.26753588E+00 -1.28114514E+04  9.60711720E+00  3.19595661E+01  2.11796840E-02 -6.63300656E+01  5.77309375E-03 -3.43704995E+01  2.34255166E-02  5.48198724E+02  1.78506486E-01  3.00523943E+05  1.97012288E+02  1.45075657E-02  4.72400797E-06  9.77210635E-01  2.79331720E-03
 -1.20000000E+01  1.71463065E+04  2.57974051E+01 -3.59085582E+04  2.56851431E+01 -1.87622517E+04  4.23346309E+00 -1.22471969E+04  5.86255839E+00  3.15805879E+01  2.80872630E-02 -6.61393215E+01  8.03839871E-03 -3.45587336E+01  2.24633093E-02  5.42921235E+02  3.33922959E-01  2.94770119E+05  3.64218668E+02  1.43679020E-02  8.83695810E-06  9.61085514E-01  4.06668359E-03
 -1.30000000E+01  1.68868758E+04  1.88843098E+01 -3.56055706E+04  1.99333763E+01 -1.87186948E+04  7.61992681E+00 -1.17075604E+04  7.95316645E+00  3.13109434E+01  2.09520126E-02 -6.60194821E+01  1.06502866E-02 -3.47085387E+01  1.99919202E-02  5.39318031E+02  2.49409055E-01  2.90868012E+05  2.69280618E+02  1.42725465E-02  6.60037690E-06  9.74011638E-01  1.00635897E-03
 -1.40000000E+01  1.61295485E+04  1.70913728E+01 -3.47550744E+04  1.43465336E+01 -1.86255259E+04  6.63849152E+00 -1.12143646E+04  8.05180149E+00  3.04688243E+01  2.10104364E-02 -6.56537493E+01  4.49486520E-03 -3.51849251E+01  2.10445384E-02  5.29368660E+02  2.05435007E-01  2.80234998E+05  2.18612676E+02  1.40092458E-02  5.43664517E-06  9.45952314E-01  6.30294766E-03
 -1.50000000E+01  1.57147522E+04  3.93187859E+01 -3.41709181E+04  4.75220372E+01 -1.84561659E+04  1.00703980E+01 -1.06281435E+04  5.36198465E+00  3.01090436E+01  4.10145981E-02 -6.54768391E+01  1.66218000E-02 -3.53677955E+01  2.59998177E-02  5.21868158E+02  5.99253012E-01  2.72374538E+05  6.28218166E+02  1.38107520E-02  1.58586702E-05  8.61410267E-01  1.26579643E-02
 -1.60000000E+01  1.40332493E+04  2.18323829E+01 -3.22205635E+04  2.17049308E+01 -1.81873142E+04  6.27962607E+00 -1.01993269E+04  7.55320612E+00  2.81067532E+01  2.72945037E-02 -6.45375598E+01  6.11222761E-03 -3.64308066E+01  2.36976325E-02  4.99249211E+02  2.98091608E-01  2.49264456E+05  2.99983845E+02  1.32121628E-02  7.88871529E-06  7.50971121E-01  1.75139020E-02
 -1.70000000E+01  1.39328892E+04  6.33552480E+00 -3.20739011E+04  6.99577754E+00 -1.81410119E+04  3.76238897E+00 -9.72445469E+03  3.77992508E+00  2.81415010E+01  8.26116783E-03 -6.47836807E+01  4.47624558E-03 -3.66421797E+01  9.23340964E-03  4.95091601E+02  9.60717026E-02  2.45120919E+05  9.52883786E+01  1.31021355E-02  2.54244754E-06  6.99125928E-01  1.49760306E-02
 -1.80000000E+01  1.35531233E+04  5.92351676E+00 -3.16020139E+04  5.37105511E+00 -1.80488906E+04  7.54100382E+00 -9.24060489E+03  7.46081234E+00  2.76958020E+01  1.08740924E-02 -6.45796285E+01  5.70143372E-03 -3.68838265E+01  1.53203345E-02  4.89349208E+02  6.74852059E-02  2.39466963E+05  6.61616446E+01  1.29501684E-02  1.78593279E-06  7.29774298E-01  4.15788910E-03
 -1.90000000E+01  1.31189092E+04  8.52180281E+00 -3.10243114E+04  1.48430556E+01 -1.79054022E+04  8.75329428E+00 -8.73999507E+03  6.26881366E+00  2.71950599E+01  1.05380707E-02 -6.43135523E+01  8.58209713E-03 -3.71184925E+01  9.91249618E-03  4.82389851E+02  1.69522607E-01  2.32706520E+05  1.62913724E+02  1.27659956E-02  4.48625705E-06  6.90967118E-01  7.36344547E-03
 -2.00000000E+01  1.33241084E+04  6.78211921E+00 -3.12752144E+04  1.43492488E+01 -1.79511060E+04  1.03002057E+01 -8.26155853E+03  7.36757409E+00  2.75015043E+01  8.38322750E-03 -6.45543316E+01  8.20905598E-03 -3.70528273E+01  1.06910179E-02  4.84477371E+02  1.63785589E-01  2.34725475E+05  1.56934040E+02  1.28212398E-02  4.33443219E-06  7.26924212E-01  3.81165832E-03
 -2.10000000E+01  1.25024047E+04  2.45537184E+01 -3.01362406E+04  2.12255819E+01 -1.76338359E+04  1.04421027E+01 -7.76093023E+03  1.15266551E+01  2.65916978E+01  4.11431833E-02 -6.41004905E+01  1.34284077E-02 -3.75087927E+01  2.92536139E-02  4.70138368E+02  2.47628009E-01  2.21039204E+05  2.33469757E+02  1.24417715E-02  6.55324331E-06  7.77154520E-01  4.94290570E-03
 -2.20000000E+01  1.13596541E+04  3.44858296E+01 -2.84599427E+04  4.81867272E+01 -1.71002886E+04  1.49835602E+01 -7.21245492E+03  4.55091068E+00  2.52713099E+01  4.46395624E-02 -6.33208038E+01  2.53994754E-02 -3.80494939E+01  2.05236477E-02  4.49446986E+02  5.96684392E-01  2.02032165E+05  5.38684505E+02  1.18941935E-02  1.57906935E-05  4.90862906E-01  6.00303649E-03
 -2.30000000E+01  1.10958185E+04  1.89512706E+01 -2.78157373E+04  3.19924217E+01 -1.67199188E+04  1.45785914E+01 -6.72601590E+03  5.01334420E+00  2.55354299E+01  1.49226044E-02 -6.40205935E+01  1.27943909E-02 -3.84851635E+01  2.22826283E-02  4.34517517E+02  5.70142863E-01  1.88881217E+05  4.92741158E+02  1.14990991E-02  1.50882969E-05  4.47482577E-01  3.78000824E-03
 -2.40000000E+01  1.03295459E+04  9.68519241E+00 -2.60823280E+04  1.32003135E+01 -1.57527822E+04  6.12424930E+00 -6.20944950E+03  3.66139206E+00  2.59774531E+01  1.51145259E-02 -6.55962536E+01  1.08784823E-02 -3.96188004E+01  1.41993362E-02  3.97638861E+02  2.34427359E-01  1.58145410E+05  1.86637197E+02  1.05231400E-02  6.20390038E-06  7.57664273E-01  1.65997605E-03
 -2.50000000E+01  9.12738696E+03  3.98195100E+01 -2.43603242E+04  5.21390209E+01 -1.52329373E+04  1.31861797E+01 -5.86744733E+03  5.57259628E+00  2.43580034E+01  6.41114367E-02 -6.50255092E+01  2.79397793E-02 -4.06675058E+01  3.91410641E-02  3.74619598E+02  6.58761336E-01  1.40377023E+05  4.95066706E+02  9.91395678E-03  1.74335017E-05  8.05130847E-01  1.71224254E-03
 -2.60000000E+01  8.82478816E+03  1.79873383E+01 -2.38867467E+04  2.32580411E+01 -1.50619585E+04  6.97580926E+00 -5.53215692E+03  4.09235919E+00  2.40746540E+01  3.01042665E-02 -6.51702652E+01  1.14063407E-02 -4.10956112E+01  2.04538176E-02  3.66530831E+02  3.08993364E-01  1.34363170E+05  2.27651305E+02  9.69989513E-03  8.17721997E-06  7.96054469E-01  1.44935556E-03
 -2.70000000E+01  8.52376684E+03  1.58348057E+01 -2.33226946E+04  2.74468564E+01 -1.47989278E+04  1.20507997E+01 -5.15406170E+03  4.96338735E+00  2.38599466E+01  2.56256080E-02 -6.52903799E+01  2.66631504E-02 -4.14304332E+01  1.20278241E-02  3.57217262E+02  3.09217822E-01  1.27626388E+05  2.19583556E+02  9.45342024E-03  8.18316004E-06  7.94456709E-01  1.21094879E-03
 -2.80000000E+01  8.23353846E+03  1.39410089E+01 -2.27026173E+04  2.39401042E+01 -1.44690789E+04  1.07577472E+01 -4.79002582E+03  3.99403967E+00  2.38174593E+01  2.05692179E-02 -6.56778090E+01  1.69855559E-02 -4.18603496E+01  1.50988179E-02  3.45680465E+02  3.23209012E-01  1.19528544E+05  2.22474253E+02  9.14810973E-03  8.55342376E-06  7.91219310E-01  9.82276567E-04
 -2.90000000E+01  7.40807047E+03  6.97843305E+00 -2.10187331E+04  1.54562765E+01 -1.36106626E+04  8.93117753E+00 -4.45745108E+03  2.09571235E+00  2.34737869E+01  7.77284368E-03 -6.66057636E+01  1.77465256E-02 -4.31319767E+01  1.61336858E-02  3.15627983E+02  3.10831352E-01  9.96874251E+04  1.95675329E+02  8.35279894E-03  8.22586059E-06  8.08461603E-01  6.79896838E-04
 -3.00000000E+01  7.20690303E+03  6.49616043E+00 -2.01150882E+04  1.35889165E+01 -1.29081851E+04  8.05723910E+00 -4.15743382E+03  1.60451908E+00  2.47130518E+01  1.09881889E-02 -6.89777279E+01  2.13178646E-02 -4.42646761E+01  1.55642265E-02  2.91691711E+02  2.76587106E-01  8.51472851E+04  1.62045001E+02  7.71934790E-03  7.31961870E-06  7.99584629E-01  7.46336304E-03
 -3.10000000E+01  5.91447539E+03  4.74393128E+00 -1.76516630E+04  7.03443345E+00 -1.17371876E+04  2.93966483E+00 -3.99335236E+03  1.50140307E+00  2.36785710E+01  1.10597757E-02 -7.06697374E+01  9.21300093E-03 -4.69911664E+01  1.16612995E-02  2.49801136E+02  1.13262952E-01  6.24159600E+04  5.68100965E+01  6.61075308E-03  2.99739794E-06  8.33505595E-01  3.31013804E-04
 -3.20000000E+01  5.77874070E+03  1.97494587E+01 -1.73381478E+04  3.35395182E+01 -1.15594071E+04  1.40682663E+01 -3.77204906E+03  2.68217888E+00  2.37434109E+01  4.26160105E-02 -7.12478648E+01  2.11855126E-02 -4.75044539E+01  2.47718140E-02  2.43354938E+02  4.04897820E-01  5.92362141E+04  1.95935804E+02  6.44016049E-03  1.07152415E-05  8.09678864E-01  3.80916213E-04
 -3.30000000E+01  5.43951010E+03  2.25769045E+00 -1.67600283E+04  2.79680197E+00 -1.13205182E+04  1.80134096E+00 -3.55425648E+03  1.50174454E+00  2.31136637E+01  7.40389728E-03 -7.12172727E+01  3.98779857E-03 -4.81036091E+01  7.12584033E-03  2.35341265E+02  3.74300667E-02  5.53881628E+04  1.76372975E+01  6.22808615E-03  9.90551661E-07  8.09311863E-01  3.38668142E-04
 -3.40000000E+01  5.54260877E+03  1.98286890E+00 -1.69106246E+04  3.46016232E+00 -1.13680158E+04  1.99617760E+00 -3.33398275E+03  1.11419337E+00  2.34564582E+01  5.57929945E-03 -7.15664898E+01  4.27221301E-03 -4.81100317E+01  4.82986357E-03  2.36295090E+02  3.96564827E-02  5.58370141E+04  1.86831572E+01  6.25332824E-03  1.04947167E-06  7.92154843E-01  3.31842352E-04
 -3.50000000E+01  5.01705231E+03  2.16304093E+00 -1.60211778E+04  3.23417923E+00 -1.10041255E+04  1.64545122E+00 -3.10584081E+03  1.14195757E+00  2.22322280E+01  6.57381951E-03 -7.09956407E+01  4.08001386E-03 -4.87634128E+01  5.86192855E-03  2.25665277E+02  3.64501237E-02  5.09257170E+04  1.64380884E+01  5.97202018E-03  9.64618405E-07  8.10513440E-01  3.40167724E-04
 -3.60000000E+01  4.95683908E+03  1.11491950E+01 -1.58667878E+04  2.06179214E+01 -1.09099488E+04  1.00041675E+01 -2.84893459E+03  3.29554754E+00  2.21347947E+01  2.78873348E-02 -7.08588170E+01  2.06985956E-02 -4.87240222E+01  1.56378896E-02  2.23917060E+02  2.29716622E-01  5.01435079E+04  1.02411113E+02  5.92575526E-03  6.07923524E-06  8.10347734E-01  7.36619789E-04
 -3.70000000E+01  4.99685584E+03  2.96995872E+00 -1.59782245E+04  5.18462467E+00 -1.09813687E+04  2.62293635E+00 -2.65971203E+03  1.19933201E+00  2.22168332E+01  8.28706706E-03 -7.10426888E+01  5.52217931E-03 -4.88258556E+01  5.07648854E-03  2.24909639E+02  5.70855953E-02  5.05853066E+04  2.55331907E+01  5.95202293E-03  1.51071679E-06  8.02140890E-01  3.79783651E-04
 -3.80000000E+01  4.75699414E+03  1.77343818E+01 -1.54943245E+04  3.67920975E+01 -1.07373303E+04  1.91465717E+01 -2.39575321E+03  3.80157685E+00  2.16646441E+01  4.04485112E-02 -7.05794736E+01  3.57863126E-02 -4.89148295E+01  8.11634150E-03  2.19515188E+02  4.10238601E-01  4.81998258E+04  1.80244095E+02  5.80926383E-03  1.08565804E-05  7.89406167E-01  1.45050286E-03
 -3.90000000E+01  4.46025416E+03  8.99749886E+00 -1.49062427E+04  1.74560634E+01 -1.04459885E+04  8.55535328E+00 -2.14712683E+03  1.27512710E+00  2.09573869E+01  2.26063602E-02 -7.00489144E+01  1.59612522E-02 -4.90915274E+01  8.73903540E-03  2.12791326E+02  2.01252252E-01  4.52864571E+04  8.57968689E+01  5.63132312E-03  5.32595234E-06  7.87350539E-01  9.42343763E-04
 -4.00000000E+01  4.32239216E+03  6.74980341E+00 -1.46378720E+04  1.26224311E+01 -1.03154798E+04  6.00967536E+00 -1.93134514E+03  9.88572814E-01  2.06185726E+01  1.78872411E-02 -6.98341214E+01  1.11641896E-02 -4.92155489E+01  7.98311800E-03  2.09603367E+02  1.47960788E-01  4.39396139E+04  6.20276819E+01  5.54695677E-03  3.91564365E-06  7.87363907E-01  8.10765058E-04
 -4.10000000E+01  4.17480120E+03  6.27013779E+00 -1.43507652E+04  1.21612632E+01 -1.01759640E+04  6.03548403E+00 -1.72311443E+03  1.01047895E+00  2.02467581E+01  1.65949437E-02 -6.96056530E+01  1.07454713E-02 -4.93588948E+01  7.30451864E-03  2.06167062E+02  1.43279722E-01  4.25106001E+04  5.91394724E+01  5.45601819E-03  3.79176363E-06  8.02080701E-01  9.31418588E-04
 -4.20000000E+01  4.01508932E+03  4.90081907E+00 -1.40270155E+04  9.45499738E+00 -1.00119262E+04  4.72719535E+00 -1.51617920E+03  1.04029773E+00  1.98459278E+01  1.37636902E-02 -6.93425286E+01  8.17897150E-03 -4.94966008E+01  7.20822179E-03  2.02279689E+02  1.13046949E-01  4.09233587E+04  4.57197271E+01  5.35314251E-03  2.99168162E-06  8.14298585E-01  7.21388179E-04
 -4.30000000E+01  3.84531184E+03  5.45981997E+00 -1.36763345E+04  1.10148606E+01 -9.83102264E+03  5.71180979E+00 -1.31545990E+03  1.02228992E+00  1.94137121E+01  1.49583754E-02 -6.90573289E+01  9.62016790E-03 -4.96436168E+01  6.97664589E-03  1.98036343E+02  1.32378683E-01  3.92253978E+04  5.24638330E+01  5.24084632E-03  3.50327785E-06  8.05381505E-01  8.76850273E-04
 -4.40000000E+01  3.68928618E+03  5.31893857E+00 -1.33449156E+04  1.10978449E+01 -9.65562945E+03  5.86645968E+00 -1.11978062E+03  8.32203872E-01  1.90130331E+01  1.45429110E-02 -6.87864814E+01  9.89067778E-03 -4.97734484E+01  5.67875151E-03  1.93996564E+02  1.33773536E-01  3.76431351E+04  5.18881860E+01  5.13393737E-03  3.54019131E-06  8.20589924E-01  9.46755342E-04
 -4.50000000E+01  3.52150916E+03  4.58483766E+00 -1.29688198E+04  9.87865080E+00 -9.44731062E+03  5.44329403E+00 -9.25392576E+02  8.42050307E-01  1.85909603E+01  1.28053809E-02 -6.84787934E+01  8.69468692E-03 -4.98878331E+01  5.54380696E-03  1.89375957E+02  1.20467721E-01  3.58720321E+04  4.56364354E+01  5.01165731E-03  3.18806541E-06  8.05376064E-01  7.85283188E-04
 -4.60000000E+01  3.34005580E+03  3.33509636E+00 -1.25495944E+04  7.26877028E+00 -9.20953860E+03  4.25148148E+00 -7.37112825E+02  8.46230775E-01  1.81297202E+01  9.83835143E-03 -6.81330075E+01  6.34494967E-03 -5.00032873E+01  4.93674800E-03  1.84183169E+02  9.01272185E-02  3.39330868E+04  3.32205945E+01  4.87423505E-03  2.38513242E-06  8.09045130E-01  6.91861557E-04
 -4.70000000E+01  3.13815880E+03  3.47673531E+00 -1.20614494E+04  7.97522890E+00 -8.92329058E+03  4.59768852E+00 -5.54839575E+02  6.74515106E-01  1.76193633E+01  1.00438731E-02 -6.77368433E+01  7.11457345E-03 -5.01174801E+01  4.38411359E-03  1.78052149E+02  9.93657488E-02  3.17142378E+04  3.54017283E+01  4.71198335E-03  2.62962146E-06  8.09092020E-01  7.62948923E-04
 -4.80000000E+01  2.91855074E+03  3.46411372E+00 -1.15028519E+04  8.56803549E+00 -8.58430111E+03  5.20818286E+00 -3.79025147E+02  7.39117376E-01  1.70667053E+01  9.82576587E-03 -6.72850134E+01  7.45518110E-03 -5.02183081E+01  4.62814098E-03  1.70943249E+02  1.08890884E-01  2.92363789E+04  3.72793273E+01  4.52385298E-03  2.88169524E-06  7.86750753E-01  8.65970833E-04
 -4.90000000E+01  2.67683121E+03  2.97003953E+00 -1.08369937E+04  7.81830628E+00 -8.16016249E+03  4.98789352E+00 -2.06922419E+02  6.80051582E-01  1.64840548E+01  8.77923751E-03 -6.67596872E+01  6.60305758E-03 -5.02756324E+01  4.27351619E-03  1.62311022E+02  1.01431231E-01  2.63643950E+04  3.28853033E+01  4.29540916E-03  2.68428251E-06  7.88355292E-01  6.67239415E-04
 -5.00000000E+01  2.37502256E+03  2.68325319E+00 -9.93664936E+03  7.39286329E+00 -7.56162680E+03  4.79891631E+00 -4.47368840E+01  5.75119002E-01  1.57878787E+01  8.04857227E-03 -6.60856527E+01  6.04100239E-03 -5.02977740E+01  3.82470153E-03  1.50337798E+02  9.84647926E-02  2.26289536E+04  2.95866879E+01  3.97854902E-03  2.60577851E-06  7.87797646E-01  5.34947661E-04
 -5.10000000E+01  1.95046031E+03  2.81623689E+00 -8.51378682E+03  9.11579382E+00 -6.56332651E+03  6.36299720E+00  1.02678339E+02  4.55131928E-01  1.49067299E+01  7.90240648E-03 -6.51191237E+01  7.16962175E-03 -5.02123938E+01  3.43825858E-03  1.30705977E+02  1.25889070E-01  1.71356423E+04  3.28325052E+01  3.45901127E-03  3.33153632E-06  7.82756590E-01  3.99773815E-04
 -5.20000000E+01  1.25696441E+03  3.90749579E+00 -5.82336074E+03  1.56653348E+01 -4.56639633E+03  1.17812279E+01  1.95926408E+02  4.44379102E-01  1.36932663E+01  8.73592915E-03 -6.35421199E+01  9.94219731E-03 -4.98488535E+01  3.83057688E-03  9.15831296E+01  2.32679787E-01  8.49224786E+03  4.28417720E+01  2.42366174E-03  6.15765262E-06  7.88913951E-01  2.74861620E-04
 -5.30000000E+01  5.01108834E+02  1.19796142E+00 -2.49313521E+03  5.45812690E+00 -1.99202638E+03  4.26405891E+00  1.53108501E+02  3.00457262E-01  1.23313341E+01  4.01366630E-03 -6.15234571E+01  4.49890602E-03 -4.91921231E+01  2.35447912E-03  4.04742430E+01  8.58773814E-02  1.70589503E+03  7.07679881E+00  1.07111293E-03  2.27266446E-06  7.86402654E-01  1.20806781E-04
 -5.40000000E+01  2.07872610E+02  4.70446624E-01 -1.07684220E+03  2.30804807E+00 -8.68969587E+02  1.84097017E+00  9.20601444E+01  1.88417446E-01  1.16362835E+01  3.33890312E-03 -6.04375726E+01  2.79642920E-03 -4.88012891E+01  2.74906801E-03  1.77968469E+01  3.74586721E-02  3.40675593E+02  1.43658492E+00  4.70976883E-04  9.91308672E-07  7.77190298E-01  1.60854022E-04
 -5.50000000E+01  1.00561420E+02  2.14399238E-01 -5.30960241E+02  1.07488222E+00 -4.30398822E+02  8.62725748E-01  5.61668908E+01  1.15659491E-01  1.13208162E+01  3.68021536E-03 -5.99323238E+01  2.77504306E-03 -4.86115075E+01  3.69100526E-03  8.84664932E+00  1.77213778E-02  8.87176734E+01  3.46151398E-01  2.34118288E-04  4.68979665E-07  7.77730568E-01  1.17797028E-04
 -5.60000000E+01  5.23999649E+01  1.31848531E-01 -2.79415731E+02  6.77071311E-01 -2.27015766E+02  5.46262401E-01  3.47361991E+01  8.44427574E-02  1.10364785E+01  5.20357782E-03 -5.90099575E+01  1.61675728E-02 -4.79734791E+01  1.34941035E-02  4.67414224E+00  1.12413292E-02  2.69981507E+01  1.27920422E-01  1.23696796E-04  2.97491248E-07  7.64403305E-01  1.17559798E-04
 -5.70000000E+01  2.81943080E+01  7.90532183E-02 -1.51231791E+02  4.17466168E-01 -1.23037483E+02  3.39585253E-01  2.14658154E+01  5.99913178E-02  1.01455304E+01  1.01307701E-02 -5.45442215E+01  4.70205433E-02 -4.43986911E+01  3.86590192E-02  2.53514558E+00  6.98126461E-03  9.09824979E+00  4.51918686E-02  6.70902531E-05  1.84752629E-07  7.66332836E-01  1.24116714E-04
 -5.80000000E+01  1.54012275E+01  5.09419278E-02 -8.28598546E+01  2.67455296E-01 -6.74586271E+01  2.17454205E-01  1.31970617E+01  4.34942310E-02  8.23542248E+00  1.65497639E-02 -4.43805126E+01  8.04080207E-02 -3.61450901E+01  6.56034142E-02  1.39061532E+00  4.48096897E-03  3.36563045E+00  1.79117899E-02  3.68013320E-05  1.18584647E-07  7.65265735E-01  1.19125974E-04
 -5.90000000E+01  8.53867814E+00  3.36720105E-02 -4.59588652E+01  1.80388776E-01 -3.74201871E+01  1.47619765E-01  8.11454052E+00  3.18368044E-02  5.91190393E+00  1.70207253E-02 -3.18520975E+01  9.03668082E-02 -2.59401936E+01  7.44121436E-02  7.71775044E-01  3.02560770E-03  1.38180753E+00  8.36130236E-03  2.04243036E-05  8.00698739E-08  7.61789336E-01  1.19402150E-04
 -6.00000000E+01  4.70059156E+00  2.38523781E-02 -2.53753753E+01  1.25728104E-01 -2.06747837E+01  1.02672491E-01  4.90199271E+00  2.47551162E-02  3.80222638E+00  1.76613481E-02 -2.05433301E+01  9.00613589E-02 -1.67411037E+01  7.29937373E-02  4.26279607E-01  2.11091406E-03  6.13796546E-01  4.19025492E-03  1.12810905E-05  5.58633633E-08  7.66679004E-01  1.10546723E-04
 -6.10000000E+01  2.62416412E+00  1.93815475E-02 -1.41474944E+01  1.01619998E-01 -1.15233303E+01  8.26088769E-02  2.97504087E+00  2.17314431E-02  2.32280198E+00  1.54770380E-02 -1.25308031E+01  8.13618480E-02 -1.02080011E+01  6.62480324E-02  2.37678216E-01  1.70512891E-03  2.96774334E-01  2.68714199E-03  6.28993135E-06  4.51246395E-08  7.60052193E-01  1.18965124E-04
 -6.20000000E+01  1.45266154E+00  1.17150471E-02 -7.84310919E+00  6.16672298E-02 -6.39044765E+00  5.03042773E-02  1.77981103E+00  1.42141169E-02  1.35719578E+00  1.05409378E-02 -7.32866129E+00  5.47579695E-02 -5.97146551E+00  4.46490820E-02  1.31778366E-01  1.03585670E-03  1.49908236E-01  1.38374885E-03  3.48739102E-06  2.74129774E-08  7.62414214E-01  1.07371887E-04
 -6.30000000E+01  7.89397770E-01  8.25179869E-03 -4.26552171E+00  4.39143888E-02 -3.47612394E+00  3.59508128E-02  1.03998572E+00  1.07672850E-02  7.61876355E-01  7.76104249E-03 -4.11882816E+00  4.13685597E-02 -3.35695181E+00  3.38728869E-02  7.16842804E-02  7.38167379E-04  7.67651418E-02  8.66446707E-04  1.89705734E-06  1.95349083E-08  7.63833477E-01  1.17471495E-04
 -6.40000000E+01  4.37839079E-01  6.13230504E-03 -2.37608286E+00  3.28311676E-02 -1.93824378E+00  2.69506089E-02  6.17198766E-01  8.51560009E-03  4.28749048E-01  5.93070736E-03 -2.32722071E+00  3.18042589E-02 -1.89847166E+00  2.60870484E-02  3.99287897E-02  5.51748853E-04  4.15812224E-02  6.01529837E-04  1.05667802E-06  1.46015166E-08  7.64056423E-01  1.20592305E-04
 -6.50000000E+01  2.44201716E-01  4.58919543E-03 -1.32452294E+00  2.32218683E-02 -1.08032122E+00  1.89498485E-02  3.66440471E-01  6.69389379E-03  2.41633226E-01  4.56059618E-03 -1.31001049E+00  2.30043332E-02 -1.06837727E+00  1.86094867E-02  2.22578722E-02  3.90215914E-04  2.27539291E-02  4.10306422E-04  5.89033740E-07  1.03266987E-08  7.64205894E-01  1.16687353E-04
 -6.60000000E+01  1.30744473E-01  3.17143606E-03 -7.06930138E-01  1.67704557E-02 -5.76185665E-01  1.37426587E-02  2.07958783E-01  4.94364671E-03  1.30004055E-01  3.14432967E-03 -7.03043062E-01  1.66669384E-02 -5.73039007E-01  1.36588877E-02  1.18809765E-02  2.81865753E-04  1.20114749E-02  2.87130399E-04  3.14418914E-07  7.45931315E-09  7.63639604E-01  1.06643002E-04
 -6.70000000E+01  7.27407672E-02  2.26011046E-03 -3.92771392E-01  1.17876888E-02 -3.20030625E-01  9.61296725E-03  1.22184870E-01  3.71230171E-03  7.23846088E-02  2.24050937E-03 -3.91037128E-01  1.16943813E-02 -3.18652519E-01  9.53883475E-03  6.60023127E-03  1.98041144E-04  6.65836893E-03  2.02557580E-04  1.74668938E-07  5.24097339E-09  7.62358720E-01  1.05042950E-04
 -6.80000000E+01  4.20128077E-02  1.96929814E-03 -2.26928930E-01  1.00813062E-02 -1.84916122E-01  8.17678446E-03  7.44257823E-02  3.39786515E-03  4.19894313E-02  1.96843675E-03 -2.26738309E-01  1.00606656E-02 -1.84748877E-01  8.15643681E-03  3.81385154E-03  1.69571953E-04  3.82025882E-03  1.70327392E-04  1.00930009E-07  4.48756292E-09  7.60790278E-01  1.11271990E-04
 -6.90000000E+01  2.67329962E-02  1.57063567E-03 -1.45818909E-01  8.12273320E-03 -1.19085913E-01  6.62281858E-03  4.99123242E-02  2.81058241E-03  2.66491809E-02  1.57100929E-03 -1.45345717E-01  8.07728742E-03 -1.18696536E-01  6.58521023E-03  2.44924982E-03  1.36253824E-04  2.46510530E-03  1.38230851E-04  6.48171023E-08  3.60582982E-09  7.58717605E-01  1.16401657E-04
 -7.00000000E+01  1.20941294E-02  9.21980081E-04 -6.31413464E-02  4.67427194E-03 -5.10472171E-02  3.84729371E-03  2.32408096E-02  1.72674211E-03  1.20941294E-02  9.21980081E-04 -6.31413464E-02  4.67427194E-03 -5.10472171E-02  3.84729371E-03  1.06125752E-03  7.86067116E-05  1.06125752E-03  7.86067116E-05  2.80851863E-08  2.08025299E-09  7.65687151E-01  1.08150356E-04
 -7.10000000E+01  6.50315329E-03  7.03615059E-04 -3.44857049E-02  3.59725663E-03 -2.79825516E-02  2.92900404E-03  1.31336733E-02  1.38092020E-03  6.47234430E-03  6.98453473E-04 -3.43638695E-02  3.57985040E-03 -2.78915252E-02  2.91595497E-03  5.79101760E-04  6.03993350E-05  5.83147886E-04  6.11956730E-05  1.53253857E-08  1.59841183E-09  7.63213909E-01  1.08017468E-04
 -7.20000000E+01  3.16896137E-03  4.53504800E-04 -1.69649925E-02  2.36248462E-03 -1.37960312E-02  1.92200296E-03  6.72182057E-03  9.40225910E-04  3.16896137E-03  4.53504800E-04 -1.69649925E-02  2.36248462E-03 -1.37960312E-02  1.92200296E-03  2.84970163E-04  3.96546100E-05  2.84970163E-04  3.96546100E-05  7.54146844E-09  1.04942211E-09  7.60448708E-01  1.08159476E-04
 -7.30000000E+01  1.97106927E-03  3.14151769E-04 -1.12205583E-02  1.64442987E-03 -9.24948907E-03  1.35976436E-03  4.51701293E-03  6.74599779E-04  1.97106927E-03  3.14151769E-04 -1.12205583E-02  1.64442987E-03 -9.24948907E-03  1.35976436E-03  1.88582219E-04  2.76095145E-05  1.88582219E-04  2.76095145E-05  4.99065179E-09  7.30659941E-10  7.57257122E-01  1.20708119E-04
 -7.40000000E+01  1.25848365E-03  2.74341107E-04 -6.34825081E-03  1.26238655E-03 -5.08976716E-03  1.00332116E-03  2.79425172E-03  5.76078494E-04  1.25848365E-03  2.74341107E-04 -6.34825081E-03  1.26238655E-03 -5.08976716E-03  1.00332116E-03  1.06540796E-04  2.12254274E-05  1.06540796E-04  2.12254274E-05  2.81950236E-09  5.61711054E-10  7.63229105E-01  1.19018457E-04
 -7.50000000E+01  6.05051140E-04  1.61044031E-04 -3.59339973E-03  8.65908703E-04 -2.98834859E-03  7.14898357E-04  1.54427110E-03  3.82323346E-04  6.05051140E-04  1.61044031E-04 -3.59339973E-03  8.65908703E-04 -2.98834859E-03  7.14898357E-04  6.04349292E-05  1.45554496E-05  6.04349292E-05  1.45554496E-05  1.59935379E-09  3.85196341E-10  7.59830601E-01  1.14716175E-04
 -7.60000000E+01  4.61903703E-04  2.09230588E-04 -3.09955508E-03  1.23862151E-03 -2.63765138E-03  1.03804185E-03  1.33386027E-03  5.52902612E-04  4.61903703E-04  2.09230588E-04 -3.09955508E-03  1.23862151E-03 -2.63765138E-03  1.03804185E-03  5.22567323E-05  2.08819559E-05  5.22567323E-05  2.08819559E-05  1.38292547E-09  5.52621403E-10  7.65347592E-01  1.07266672E-04
 -7.70000000E+01  2.77297961E-04  1.39976419E-04 -1.63084397E-03  7.44882300E-04 -1.35354601E-03  6.07019824E-04  7.75767463E-04  3.68441127E-04  2.77297961E-04  1.39976419E-04 -1.63084397E-03  7.44882300E-04 -1.35354601E-03  6.07019824E-04  2.76534217E-05  1.26541580E-05  2.76534217E-05  1.26541580E-05  7.31821903E-10  3.34880439E-10  7.61654290E-01  1.18751040E-04
 -7.80000000E+01  8.54504600E-05  4.32016316E-05 -5.53896398E-04  3.01304415E-04 -4.68445937E-04  2.62035552E-04  2.67787608E-04  1.38849614E-04  8.54504600E-05  4.32016316E-05 -5.53896398E-04  3.01304415E-04 -4.68445937E-04  2.62035552E-04  9.43889160E-06  5.12486054E-06  9.43889160E-06  5.12486054E-06  2.49791426E-10  1.35624634E-10  7.66940544E-01  1.08878946E-04
 -7.90000000E+01  5.10265611E-06  2.67114821E-06 -4.46215821E-05  2.48089785E-05 -3.95189260E-05  2.25202998E-05  2.03956263E-05  1.09634429E-05  5.10265611E-06  2.67114821E-06 -4.46215821E-05  2.48089785E-05 -3.95189260E-05  2.25202998E-05  7.58412054E-07  4.21336053E-07  7.58412054E-07  4.21336053E-07  2.00706646E-11  1.11502640E-11  7.71908335E-01  1.10963201E-04
 -8.00000000E+01  7.02712977E-05  6.48546394E-05 -2.66684726E-04  2.38134572E-04 -1.96413428E-04  1.73357961E-04  1.67538483E-04  1.51481839E-04  7.02712977E-05  6.48546394E-05 -2.66684726E-04  2.38134572E-04 -1.96413428E-04  1.73357961E-04  4.54939889E-06  4.05998321E-06  4.54939889E-06  4.05998321E-06  1.20395581E-10  1.07443653E-10  7.76547312E-01  1.17131153E-04
 -8.10000000E+01  0.00000000E+00  0.00000000E+00  0.00000000E+00  0.00000000E+00  0.00000000E+00  0.00000000E+00  0.00000000E+00  0.00000000E+00  0.00000000E+00  0.00000000E+00  0.00000000E+00  0.00000000E+00  0.00000000E+00  0.00000000E+00  0.00000000E+00  0.00000000E+00  0.00000000E+00  0.00000000E+00  0.00000000E+00  0.00000000E+00  7.81360963E-01  1.13186031E-04
 -8.20000000E+01  0.00000000E+00  0.00000000E+00  0.00000000E+00  0.00000000E+00  0.00000000E+00  0.00000000E+00  0.00000000E+00  0.00000000E+00  0.00000000E+00  0.00000000E+00  0.00000000E+00  0.00000000E+00  0.00000000E+00  0.00000000E+00  0.00000000E+00  0.00000000E+00  0.00000000E+00  0.00000000E+00  0.00000000E+00  0.00000000E+00  7.85833782E-01  1.07205189E-04
 -8.30000000E+01  0.00000000E+00  0.00000000E+00  0.00000000E+00  0.00000000E+00  0.00000000E+00  0.00000000E+00  0.00000000E+00  0.00000000E+00  0.00000000E+00  0.00000000E+00  0.00000000E+00  0.00000000E+00  0.00000000E+00  0.00000000E+00  0.00000000E+00  0.00000000E+00  0.00000000E+00  0.00000000E+00  0.00000000E+00  0.00000000E+00  7.90109837E-01  1.06319710E-04
 -8.40000000E+01  0.00000000E+00  0.00000000E+00  0.00000000E+00  0.00000000E+00  0.00000000E+00  0.00000000E+00  0.00000000E+00  0.00000000E+00  0.00000000E+00  0.00000000E+00  0.00000000E+00  0.00000000E+00  0.00000000E+00  0.00000000E+00  0.00000000E+00  0.00000000E+00  0.00000000E+00  0.00000000E+00  0.00000000E+00  0.00000000E+00  7.93961397E-01  1.09521476E-04
 -8.50000000E+01  0.00000000E+00  0.00000000E+00  0.00000000E+00  0.00000000E+00  0.00000000E+00  0.00000000E+00  0.00000000E+00  0.00000000E+00  0.00000000E+00  0.00000000E+00  0.00000000E+00  0.00000000E+00  0.00000000E+00  0.00000000E+00  0.00000000E+00  0.00000000E+00  0.00000000E+00  0.00000000E+00  0.00000000E+00  0.00000000E+00  7.98268187E-01  1.15420972E-04
 -8.60000000E+01  0.00000000E+00  0.00000000E+00  0.00000000E+00  0.00000000E+00  0.00000000E+00  0.00000000E+00  0.00000000E+00  0.00000000E+00  0.00000000E+00  0.00000000E+00  0.00000000E+00  0.00000000E+00  0.00000000E+00  0.00000000E+00  0.00000000E+00  0.00000000E+00  0.00000000E+00  0.00000000E+00  0.00000000E+00  0.00000000E+00  8.02138773E-01  1.18553360E-04
 -8.70000000E+01  0.00000000E+00  0.00000000E+00  0.00000000E+00  0.00000000E+00  0.00000000E+00  0.00000000E+00  0.00000000E+00  0.00000000E+00  0.00000000E+00  0.00000000E+00  0.00000000E+00  0.00000000E+00  0.00000000E+00  0.00000000E+00  0.00000000E+00  0.00000000E+00  0.00000000E+00  0.00000000E+00  0.00000000E+00  0.00000000E+00  8.05807447E-01  1.22908468E-04
 -8.80000000E+01  0.00000000E+00  0.00000000E+00  0.00000000E+00  0.00000000E+00  0.00000000E+00  0.00000000E+00  0.00000000E+00  0.00000000E+00  0.00000000E+00  0.00000000E+00  0.00000000E+00  0.00000000E+00  0.00000000E+00  0.00000000E+00  0.00000000E+00  0.00000000E+00  0.00000000E+00  0.00000000E+00  0.00000000E+00  0.00000000E+00  8.09410176E-01  1.06371320E-04
 -8.90000000E+01  0.00000000E+00  0.00000000E+00  0.00000000E+00  0.00000000E+00  0.00000000E+00  0.00000000E+00  0.00000000E+00  0.00000000E+00  0.00000000E+00  0.00000000E+00  0.00000000E+00  0.00000000E+00  0.00000000E+00  0.00000000E+00  0.00000000E+00  0.00000000E+00  0.00000000E+00  0.00000000E+00  0.00000000E+00  0.00000000E+00  8.04938586E-01  1.06083369E-04
 -9.00000000E+01  0.00000000E+00  0.00000000E+00  0.00000000E+00  0.00000000E+00  0.00000000E+00  0.00000000E+00  0.00000000E+00  0.00000000E+00  0.00000000E+00  0.00000000E+00  0.00000000E+00  0.00000000E+00  0.00000000E+00  0.00000000E+00  0.00000000E+00  0.00000000E+00  0.00000000E+00  0.00000000E+00  0.00000000E+00  0.00000000E+00  8.08284117E-01  1.02422901E-04
 -9.10000000E+01  0.00000000E+00  0.00000000E+00  0.00000000E+00  0.00000000E+00  0.00000000E+00  0.00000000E+00  0.00000000E+00  0.00000000E+00  0.00000000E+00  0.00000000E+00  0.00000000E+00  0.00000000E+00  0.00000000E+00  0.00000000E+00  0.00000000E+00  0.00000000E+00  0.00000000E+00  0.00000000E+00  0.00000000E+00  0.00000000E+00  8.11890625E-01  1.02659055E-04
 -9.20000000E+01  0.00000000E+00  0.00000000E+00  0.00000000E+00  0.00000000E+00  0.00000000E+00  0.00000000E+00  0.00000000E+00  0.00000000E+00  0.00000000E+00  0.00000000E+00  0.00000000E+00  0.00000000E+00  0.00000000E+00  0.00000000E+00  0.00000000E+00  0.00000000E+00  0.00000000E+00  0.00000000E+00  0.00000000E+00  0.00000000E+00  8.15196962E-01  1.18390996E-04
 -9.30000000E+01  0.00000000E+00  0.00000000E+00  0.00000000E+00  0.00000000E+00  0.00000000E+00  0.00000000E+00  0.00000000E+00  0.00000000E+00  0.00000000E+00  0.00000000E+00  0.00000000E+00  0.00000000E+00  0.00000000E+00  0.00000000E+00  0.00000000E+00  0.00000000E+00  0.00000000E+00  0.00000000E+00  0.00000000E+00  0.00000000E+00  8.18521808E-01  1.01768099E-04
 -9.40000000E+01  0.00000000E+00  0.00000000E+00  0.00000000E+00  0.00000000E+00  0.00000000E+00  0.00000000E+00  0.00000000E+00  0.00000000E+00  0.00000000E+00  0.00000000E+00  0.00000000E+00  0.00000000E+00  0.00000000E+00  0.00000000E+00  0.00000000E+00  0.00000000E+00  0.00000000E+00  0.00000000E+00  0.00000000E+00  0.00000000E+00  8.21549281E-01  1.01136295E-04
 -9.50000000E+01  0.00000000E+00  0.00000000E+00  0.00000000E+00  0.00000000E+00  0.00000000E+00  0.00000000E+00  0.00000000E+00  0.00000000E+00  0.00000000E+00  0.00000000E+00  0.00000000E+00  0.00000000E+00  0.00000000E+00  0.00000000E+00  0.00000000E+00  0.00000000E+00  0.00000000E+00  0.00000000E+00  0.00000000E+00  0.00000000E+00  8.24483865E-01  1.00700409E-04
 -9.60000000E+01  0.00000000E+00  0.00000000E+00  0.00000000E+00  0.00000000E+00  0.00000000E+00  0.00000000E+00  0.00000000E+00  0.00000000E+00  0.00000000E+00  0.00000000E+00  0.00000000E+00  0.00000000E+00  0.00000000E+00  0.00000000E+00  0.00000000E+00  0.00000000E+00  0.00000000E+00  0.00000000E+00  0.00000000E+00  0.00000000E+00  8.27571244E-01  1.03936978E-04
 -9.70000000E+01  0.00000000E+00  0.00000000E+00  0.00000000E+00  0.00000000E+00  0.00000000E+00  0.00000000E+00  0.00000000E+00  0.00000000E+00  0.00000000E+00  0.00000000E+00  0.00000000E+00  0.00000000E+00  0.00000000E+00  0.00000000E+00  0.00000000E+00  0.00000000E+00  0.00000000E+00  0.00000000E+00  0.00000000E+00  0.00000000E+00  8.30145147E-01  1.06730598E-04
 -9.80000000E+01  0.00000000E+00  0.00000000E+00  0.00000000E+00  0.00000000E+00  0.00000000E+00  0.00000000E+00  0.00000000E+00  0.00000000E+00  0.00000000E+00  0.00000000E+00  0.00000000E+00  0.00000000E+00  0.00000000E+00  0.00000000E+00  0.00000000E+00  0.00000000E+00  0.00000000E+00  0.00000000E+00  0.00000000E+00  0.00000000E+00  8.33095950E-01  1.16116086E-04
 -9.90000000E+01  0.00000000E+00  0.00000000E+00  0.00000000E+00  0.00000000E+00  0.00000000E+00  0.00000000E+00  0.00000000E+00  0.00000000E+00  0.00000000E+00  0.00000000E+00  0.00000000E+00  0.00000000E+00  0.00000000E+00  0.00000000E+00  0.00000000E+00  0.00000000E+00  0.00000000E+00  0.00000000E+00  0.00000000E+00  0.00000000E+00  8.35562118E-01  1.07673722E-04
 -1.00000000E+02  0.00000000E+00  0.00000000E+00  0.00000000E+00  0.00000000E+00  0.00000000E+00  0.00000000E+00  0.00000000E+00  0.00000000E+00  0.00000000E+00  0.00000000E+00  0.00000000E+00  0.00000000E+00  0.00000000E+00  0.00000000E+00  0.00000000E+00  0.00000000E+00  0.00000000E+00  0.00000000E+00  0.00000000E+00  0.00000000E+00  8.38310401E-01  9.27993464E-05
