#              u               K              ΔK               V              ΔV               E              ΔE            E_mu           ΔE_mu             K/N            ΔK/N             V/N            ΔV/N             E/N            ΔE/N               N              ΔN             N^2            ΔN^2         density        Δdensity        diagonal       Δdiagonal
  0.00000000E+00  2.08236922E+04  2.67000145E+01 -3.96957606E+04  3.33033008E+01 -1.88720684E+04  2.51317958E+01 -1.88720684E+04  2.51317958E+01  3.54232287E+01  2.96385820E-02 -6.75276890E+01  2.70077582E-02 -3.21044603E+01  4.15168638E-02  5.87839462E+02  3.27630066E-01  3.45563150E+05  3.85367643E+02  1.55566208E-02  8.67042258E-06  8.49963698E-01  1.38213631E-03
 -1.00000000E+00  2.06536462E+04  8.42184896E+01 -3.94463154E+04  1.01386453E+02 -1.87926692E+04  2.38743624E+01 -1.82075112E+04  2.31651779E+01  3.52876311E+01  8.53840717E-02 -6.74056114E+01  6.08808790E-02 -3.21179803E+01  3.79638984E-02  5.85158059E+02  9.93094578E-01  3.42467834E+05  1.15781629E+03  1.54856599E-02  2.62813179E-05  8.41435032E-01  2.02953811E-03
 -2.00000000E+00  2.04696134E+04  3.25288782E+01 -3.93423287E+04  4.28092702E+01 -1.88727153E+04  1.95241314E+01 -1.77056039E+04  1.90747159E+01  3.50759285E+01  3.29713166E-02 -6.74172428E+01  2.87841023E-02 -3.23413143E+01  2.82582193E-02  5.83555712E+02  4.16528254E-01  3.40549367E+05  4.85933270E+02  1.54432553E-02  1.10230301E-05  8.45094220E-01  1.64056164E-03
 -3.00000000E+00  1.96887363E+04  3.34638182E+01 -3.80594625E+04  3.77473859E+01 -1.83707262E+04  1.72340991E+01 -1.66535658E+04  1.69331113E+01  3.43958570E+01  3.70669091E-02 -6.64916496E+01  2.43527893E-02 -3.20957926E+01  3.17188370E-02  5.72386820E+02  3.90204945E-01  3.27639271E+05  4.46189907E+02  1.51476811E-02  1.03264083E-05  8.12701731E-01  1.39214893E-03
 -4.00000000E+00  1.98077894E+04  6.70984216E+01 -3.83639554E+04  9.71564276E+01 -1.85561661E+04  3.46589753E+01 -1.62581111E+04  3.15900866E+01  3.44715362E+01  6.55826082E-02 -6.67704047E+01  6.80813859E-02 -3.22988685E+01  2.94176972E-02  5.74513742E+02  8.88388042E-01  3.30114376E+05  1.01311451E+03  1.52039681E-02  2.35103573E-05  8.21223498E-01  1.92449599E-03
 -5.00000000E+00  1.88685931E+04  4.19247697E+01 -3.76567897E+04  3.26076587E+01 -1.87881966E+04  2.02412718E+01 -1.59628201E+04  2.12728660E+01  3.33889267E+01  5.08679850E-02 -6.66398926E+01  1.83793401E-02 -3.32509659E+01  5.13852519E-02  5.65075291E+02  4.08000426E-01  3.19322493E+05  4.62976683E+02  1.49541883E-02  1.07973490E-05  8.24898384E-01  1.48972989E-03
 -6.00000000E+00  1.86268143E+04  2.90167591E+01 -3.73889542E+04  2.32197187E+01 -1.87621400E+04  2.40542296E+01 -1.53890853E+04  2.44642878E+01  3.31321479E+01  3.81850642E-02 -6.65073759E+01  2.06372406E-02 -3.33752281E+01  4.88374278E-02  5.62175776E+02  2.71951236E-01  3.16049045E+05  3.06136408E+02  1.48774554E-02  7.19693469E-06  8.23815489E-01  1.74998177E-03
 -7.00000000E+00  1.99208670E+04  2.62266773E+01 -3.87298952E+04  3.55414326E+01 -1.88090282E+04  1.38972809E+01 -1.47751608E+04  1.22389623E+01  3.45677021E+01  2.60061808E-02 -6.72075139E+01  2.18411654E-02 -3.26398118E+01  1.75941504E-02  5.76266779E+02  3.51392449E-01  3.32093168E+05  4.04353854E+02  1.52503605E-02  9.29927196E-06  8.12932270E-01  1.28815718E-03
 -8.00000000E+00  1.96495622E+04  4.35058160E+01 -3.84086759E+04  5.75516770E+01 -1.87591137E+04  1.79378744E+01 -1.41759112E+04  1.46056165E+01  3.42960635E+01  4.36732384E-02 -6.70406886E+01  3.62169979E-02 -3.27446252E+01  1.99853683E-02  5.72900312E+02  5.56977461E-01  3.28233379E+05  6.35999910E+02  1.51612701E-02  1.47398867E-05  8.17670362E-01  1.50796555E-03
 -9.00000000E+00  1.97076941E+04  2.00868005E+01 -3.85023559E+04  2.59108865E+01 -1.87946618E+04  9.38880558E+00 -1.36335389E+04  8.51410787E+00  3.43653737E+01  1.97509167E-02 -6.71401061E+01  1.39534958E-02 -3.27747324E+01  1.47187861E-02  5.73458101E+02  2.74407510E-01  3.28862925E+05  3.14656951E+02  1.51760315E-02  7.26193767E-06  8.11768231E-01  1.08263208E-03
 -1.00000000E+01  1.94960975E+04  2.89739130E+01 -3.82252939E+04  3.85881982E+01 -1.87291964E+04  1.21069164E+01 -1.30248119E+04  9.04788084E+00  3.41759464E+01  2.76233802E-02 -6.70094521E+01  2.10300191E-02 -3.28335057E+01  1.33707420E-02  5.70438452E+02  4.02787062E-01  3.25413108E+05  4.59060086E+02  1.50961193E-02  1.06593823E-05  8.24969335E-01  1.23674452E-03
 -1.10000000E+01  1.79148076E+04  5.13048574E+01 -3.65729553E+04  4.47454632E+01 -1.86581478E+04  1.58021995E+01 -1.25766383E+04  1.85697050E+01  3.24003091E+01  6.31753779E-02 -6.61507072E+01  1.98749239E-02 -3.37503982E+01  4.93453663E-02  5.52864493E+02  5.22438307E-01  3.05676949E+05  5.78098488E+02  1.46310410E-02  1.38258405E-05  8.24648986E-01  1.73830802E-03
 -1.20000000E+01  1.77841434E+04  4.84087275E+01 -3.63091246E+04  5.14148115E+01 -1.85249812E+04  2.28377003E+01 -1.19235951E+04  2.20763743E+01  3.23249656E+01  5.92375110E-02 -6.60011246E+01  2.95868418E-02 -3.36761590E+01  4.59727039E-02  5.50115505E+02  5.44455829E-01  3.02647087E+05  5.97795540E+02  1.45582916E-02  1.44085136E-05  8.03453458E-01  2.61030266E-03
 -1.30000000E+01  1.78281161E+04  3.40602460E+01 -3.62685666E+04  3.98952020E+01 -1.84404506E+04  1.39096249E+01 -1.12997462E+04  1.21541798E+01  3.24544059E+01  3.86040080E-02 -6.60272921E+01  2.31463981E-02 -3.35728862E+01  2.54812071E-02  5.49284953E+02  4.21312881E-01  3.01732992E+05  4.62944141E+02  1.45363118E-02  1.11496507E-05  8.08154924E-01  1.38983711E-03
 -1.40000000E+01  1.72326850E+04  3.00750152E+01 -3.56982346E+04  5.55186421E+01 -1.84655496E+04  2.98295719E+01 -1.08622860E+04  2.34275109E+01  3.17288556E+01  2.68438119E-02 -6.57295507E+01  3.83177480E-02 -3.40006951E+01  2.97426504E-02  5.43090258E+02  5.38543680E-01  2.94968451E+05  5.83940064E+02  1.43723750E-02  1.42520540E-05  8.13737060E-01  2.59878358E-03
 -1.50000000E+01  1.71588752E+04  2.70996569E+01 -3.56450736E+04  4.60592424E+01 -1.84861984E+04  2.42863583E+01 -1.03532245E+04  1.90005461E+01  3.16452218E+01  2.78453712E-02 -6.57401180E+01  3.25412052E-02 -3.40948963E+01  2.59163786E-02  5.42198259E+02  4.39662008E-01  2.93995420E+05  4.75712121E+02  1.43487691E-02  1.16352432E-05  8.39678013E-01  1.98718197E-03
 -1.60000000E+01  1.60417891E+04  2.78211179E+01 -3.40726971E+04  3.06073478E+01 -1.80309080E+04  1.97483951E+01 -9.61728589E+03  1.95691630E+01  3.05035691E+01  3.66036237E-02 -6.47939229E+01  2.52571324E-02 -3.42903538E+01  3.96724918E-02  5.25851382E+02  3.14434924E-01  2.76537670E+05  3.31038699E+02  1.39161643E-02  8.32122574E-06  7.81688417E-01  1.22882693E-03
 -1.70000000E+01  1.60750719E+04  5.72335575E+01 -3.42136216E+04  7.10366596E+01 -1.81385497E+04  2.09451494E+01 -9.18896977E+03  1.50804540E+01  3.05298235E+01  6.54057066E-02 -6.49865306E+01  4.13536573E-02 -3.44567071E+01  3.61088266E-02  5.26445876E+02  7.63410561E-01  2.77182251E+05  8.07293477E+02  1.39318970E-02  2.02029454E-05  7.93210460E-01  1.94173344E-03
 -1.80000000E+01  1.54104533E+04  3.89710890E+01 -3.30529090E+04  6.24083489E+01 -1.76424557E+04  2.74589607E+01 -8.37196352E+03  1.87072689E+01  2.99173563E+01  4.21383873E-02 -6.41734049E+01  4.69705273E-02 -3.42560486E+01  2.64439137E-02  5.15027344E+02  6.04214826E-01  2.65286336E+05  6.22648060E+02  1.36297163E-02  1.59899794E-05  7.99389983E-01  1.67057876E-03
 -1.90000000E+01  1.51298420E+04  3.60059467E+01 -3.27352837E+04  5.93505502E+01 -1.76054417E+04  2.93221875E+01 -7.89853026E+03  2.12012895E+01  2.96108545E+01  3.94434111E-02 -6.40717418E+01  4.56022283E-02 -3.44608873E+01  3.33280765E-02  5.10890076E+02  5.76054848E-01  2.61040689E+05  5.88580763E+02  1.35202273E-02  1.52447520E-05  7.75631555E-01  1.74946337E-03
 -2.00000000E+01  1.46744150E+04  3.02753954E+01 -3.20268625E+04  5.06632528E+01 -1.73524474E+04  2.30802673E+01 -7.28632601E+03  1.50101097E+01  2.91523990E+01  3.34919945E-02 -6.36301528E+01  4.06297194E-02 -3.44777538E+01  2.15289452E-02  5.03306071E+02  4.81365964E-01  2.53346305E+05  4.85277622E+02  1.33195237E-02  1.27388994E-05  7.68463880E-01  1.29098063E-03
 -2.10000000E+01  1.43766907E+04  2.28199373E+01 -3.16076332E+04  3.37628090E+01 -1.72309426E+04  1.35764845E+01 -6.76672216E+03  8.64689131E+00  2.88482554E+01  2.65800411E-02 -6.34292005E+01  2.50801332E-02 -3.45809450E+01  1.63019879E-02  4.98296210E+02  3.50234384E-01  2.48326593E+05  3.48945864E+02  1.31869425E-02  9.26862491E-06  7.81565538E-01  1.15298061E-03
 -2.20000000E+01  1.38578840E+04  2.31424939E+01 -3.08721771E+04  3.18717818E+01 -1.70142932E+04  1.10920987E+01 -6.24074653E+03  6.33023425E+00  2.82945165E+01  2.73755415E-02 -6.30401834E+01  1.95190887E-02 -3.47456670E+01  1.46671772E-02  4.89706665E+02  3.65536831E-01  2.39842563E+05  3.57873199E+02  1.29596282E-02  9.67358981E-06  7.88879152E-01  1.22193017E-03
 -2.30000000E+01  1.35406946E+04  2.49373015E+01 -3.04303316E+04  3.15825972E+01 -1.68896370E+04  8.34227321E+00 -5.75571948E+03  5.67138488E+00  2.79678994E+01  3.10787925E-02 -6.28597296E+01  1.96848689E-02 -3.48918302E+01  1.58135400E-02  4.84083372E+02  3.64836751E-01  2.34367252E+05  3.53080650E+02  1.28108130E-02  9.65506289E-06  8.01083274E-01  1.30894026E-03
 -2.40000000E+01  1.31566656E+04  1.89588918E+01 -2.99148745E+04  2.57521998E+01 -1.67582090E+04  9.60012439E+00 -5.29805540E+03  6.06780021E+00  2.75491001E+01  2.48797603E-02 -6.26461568E+01  1.83814174E-02 -3.50970567E+01  1.43136271E-02  4.77506398E+02  2.82666447E-01  2.28042479E+05  2.69915710E+02  1.26367596E-02  7.48050275E-06  7.75516026E-01  9.55607790E-04
 -2.50000000E+01  1.27352198E+04  2.30473976E+01 -2.93092449E+04  3.09157079E+01 -1.65740250E+04  1.00081052E+01 -4.83236154E+03  5.77218447E+00  2.71114892E+01  2.93169232E-02 -6.24024477E+01  1.96193496E-02 -3.52909585E+01  1.53320157E-02  4.69666540E+02  3.56797727E-01  2.20621211E+05  3.35163966E+02  1.24292851E-02  9.44231769E-06  7.76821826E-01  1.13071283E-03
 -2.60000000E+01  1.22809467E+04  1.97136866E+01 -2.86716511E+04  2.67645022E+01 -1.63907043E+04  9.08512924E+00 -4.39963807E+03  5.47432059E+00  2.66248574E+01  2.57239405E-02 -6.21664789E+01  1.80016120E-02 -3.55416215E+01  1.43028416E-02  4.61194856E+02  3.11424104E-01  2.12734697E+05  2.86967540E+02  1.22050899E-02  8.24154728E-06  7.79057743E-01  1.01504371E-03
 -2.70000000E+01  1.19113737E+04  1.76607910E+01 -2.81232609E+04  2.44393734E+01 -1.62118872E+04  9.85480706E+00 -3.96425177E+03  6.20407349E+00  2.62546192E+01  2.49287589E-02 -6.19961198E+01  1.80050252E-02 -3.57415006E+01  1.45111657E-02  4.53616126E+02  2.85027536E-01  2.05807603E+05  2.58518474E+02  1.20045259E-02  7.54298683E-06  7.77787467E-01  8.96420622E-04
 -2.80000000E+01  1.14408974E+04  2.02524908E+01 -2.74070275E+04  2.86585924E+01 -1.59661300E+04  1.05413151E+01 -3.54863465E+03  5.75831137E+00  2.57935661E+01  2.78504220E-02 -6.17980871E+01  2.03357274E-02 -3.60045210E+01  1.44796578E-02  4.43481977E+02  3.33309259E-01  1.96723316E+05  2.95008516E+02  1.17363351E-02  8.82071727E-06  7.74757966E-01  8.98733452E-04
 -2.90000000E+01  1.09805232E+04  1.99944040E+01 -2.66822262E+04  2.76912768E+01 -1.57017030E+04  1.00374117E+01 -3.15536139E+03  5.88733872E+00  2.53755863E+01  2.71081339E-02 -6.16731660E+01  1.63116544E-02 -3.62975797E+01  1.66664744E-02  4.32632469E+02  3.53738812E-01  1.87231347E+05  3.05766740E+02  1.14492131E-02  9.36136626E-06  7.76307704E-01  9.39671884E-04
 -3.00000000E+01  1.03948640E+04  1.58802073E+01 -2.57468499E+04  2.36323175E+01 -1.53519860E+04  9.33829841E+00 -2.81561569E+03  4.86663441E+00  2.48710471E+01  2.15232036E-02 -6.16143678E+01  1.70106927E-02 -3.67433207E+01  1.41991613E-02  4.17879009E+02  3.23399977E-01  1.74698149E+05  2.70212690E+02  1.10587766E-02  8.55847747E-06  7.76225019E-01  9.44276410E-04
 -3.10000000E+01  9.78402473E+03  2.00912296E+01 -2.47098111E+04  3.08468361E+01 -1.49257864E+04  1.19370929E+01 -2.52386997E+03  5.17968183E+00  2.44519721E+01  2.57808076E-02 -6.17687940E+01  1.69327023E-02 -3.73168219E+01  1.74215267E-02  4.00061821E+02  4.37563711E-01  1.60149268E+05  3.49957092E+02  1.05872614E-02  1.15797138E-05  7.67096268E-01  9.81503902E-04
 -3.20000000E+01  9.13556010E+03  1.82074192E+01 -2.35348389E+04  2.94391731E+01 -1.43992788E+04  1.28787452E+01 -2.28985976E+03  5.54697817E+00  2.41381318E+01  2.41788895E-02 -6.21997908E+01  1.70541473E-02 -3.80616590E+01  1.91879264E-02  3.78419346E+02  4.53041351E-01  1.43311231E+05  3.42030087E+02  1.00145135E-02  1.19893150E-05  7.74472730E-01  6.39877417E-04
 -3.30000000E+01  8.52577782E+03  1.94212099E+01 -2.24133554E+04  3.12225125E+01 -1.38875775E+04  1.28268018E+01 -2.08803101E+03  6.07303101E+00  2.38414150E+01  2.55171474E-02 -6.26923741E+01  1.76998025E-02 -3.88509591E+01  2.24594581E-02  3.57562016E+02  4.70952308E-01  1.27950067E+05  3.36408058E+02  9.46254385E-03  1.24633117E-05  7.67756016E-01  5.73907713E-04
 -3.40000000E+01  7.97315503E+03  1.51501373E+01 -2.13677352E+04  2.45542931E+01 -1.33945802E+04  1.05978120E+01 -1.90800785E+03  5.02508029E+00  2.35966678E+01  2.26598249E-02 -6.32560669E+01  1.68609334E-02 -3.96593991E+01  1.90294840E-02  3.37840362E+02  3.67240559E-01  1.14224188E+05  2.48647804E+02  8.94062874E-03  9.71867741E-06  7.62468493E-01  5.05145383E-04
 -3.50000000E+01  7.48213694E+03  1.53900363E+01 -2.04225480E+04  2.57066406E+01 -1.29404111E+04  1.11182294E+01 -1.74272494E+03  4.63950061E+00  2.33833251E+01  2.29227509E-02 -6.38429605E+01  1.64200509E-02 -4.04596354E+01  1.97311108E-02  3.19933890E+02  3.92112063E-01  1.02443199E+05  2.50844366E+02  8.46675073E-03  1.03768785E-05  7.66696735E-01  4.55327840E-04
 -3.60000000E+01  7.03192831E+03  1.25497222E+01 -1.95397457E+04  2.16617427E+01 -1.25078174E+04  9.75629710E+00 -1.59189282E+03  4.30354235E+00  2.31882990E+01  1.91946907E-02 -6.44513504E+01  1.62500014E-02 -4.12630514E+01  1.82542546E-02  3.03220128E+02  3.28115262E-01  9.20220754E+04  1.99322257E+02  8.02443667E-03  8.68326307E-06  7.74954229E-01  4.82568909E-04
 -3.70000000E+01  6.59352105E+03  1.18000845E+01 -1.86541195E+04  2.03375592E+01 -1.20605985E+04  9.24337057E+00 -1.45766399E+03  4.06081267E+00  2.30063553E+01  2.03397506E-02 -6.51077132E+01  1.71621152E-02 -4.21013579E+01  1.80868963E-02  2.86565797E+02  3.04751733E-01  8.21949852E+04  1.74901914E+02  7.58369541E-03  8.06496917E-06  7.67587900E-01  5.10990243E-04
 -3.80000000E+01  6.19750643E+03  1.10156712E+01 -1.78572098E+04  1.82669057E+01 -1.16597034E+04  7.99008134E+00 -1.34479448E+03  4.08136423E+00  2.28297003E+01  2.02640204E-02 -6.57976564E+01  1.52087750E-02 -4.29679561E+01  1.90800592E-02  2.71444971E+02  2.78126014E-01  7.37453586E+04  1.51329042E+02  7.18353691E-03  7.36034447E-06  7.60518031E-01  4.41536053E-04
 -3.90000000E+01  5.83664765E+03  9.75951108E+00 -1.71270683E+04  1.72106737E+01 -1.12904207E+04  8.09263318E+00 -1.23384957E+03  3.83785299E+00  2.26317392E+01  1.84190050E-02 -6.64316606E+01  1.55565892E-02 -4.37999214E+01  1.82139407E-02  2.57860798E+02  2.58231895E-01  6.65509054E+04  1.33324156E+02  6.82404449E-03  6.83386522E-06  7.73590925E-01  4.29710843E-04
 -4.00000000E+01  5.56670133E+03  9.15481356E+00 -1.65704797E+04  1.54951757E+01 -1.10037783E+04  6.90447959E+00 -1.10826156E+03  3.70021620E+00  2.24994384E+01  1.94252002E-02 -6.69919679E+01  1.64376464E-02 -4.44925296E+01  1.76786079E-02  2.47387919E+02  2.24494373E-01  6.12460694E+04  1.11191176E+02  6.54688956E-03  5.94103330E-06  7.60989847E-01  4.30967710E-04
 -4.10000000E+01  5.32228535E+03  9.00668957E+00 -1.60714410E+04  1.55482243E+01 -1.07491556E+04  7.31026145E+00 -9.71887568E+02  3.40900681E+00  2.23145635E+01  2.06429206E-02 -6.74020269E+01  1.48881871E-02 -4.50874634E+01  1.68573975E-02  2.38469953E+02  2.16867143E-01  5.69087476E+04  1.03729028E+02  6.31088394E-03  5.73918580E-06  7.65876579E-01  4.24825677E-04
 -4.20000000E+01  5.10634751E+03  7.81914359E+00 -1.56301787E+04  1.45712520E+01 -1.05238312E+04  7.77757910E+00 -8.37692338E+02  3.03520207E+00  2.21381371E+01  1.85249781E-02 -6.77802574E+01  1.20945487E-02 -4.56421203E+01  1.49365809E-02  2.30622354E+02  2.02983093E-01  5.32205607E+04  9.35960768E+01  6.10320458E-03  5.37175742E-06  7.70830466E-01  4.23077799E-04
 -4.30000000E+01  4.92033217E+03  6.96119126E+00 -1.52389802E+04  1.26584551E+01 -1.03186480E+04  6.51661211E+00 -6.83089113E+02  2.93416263E+00  2.19536591E+01  1.70501624E-02 -6.80105540E+01  1.19796609E-02 -4.60568950E+01  1.43454321E-02  2.24082764E+02  1.69980112E-01  5.02425426E+04  7.63305090E+01  5.93014047E-03  4.49836446E-06  7.66736723E-01  4.63979988E-04
 -4.40000000E+01  4.73791461E+03  7.34251084E+00 -1.48561871E+04  1.28168714E+01 -1.01182725E+04  6.70309481E+00 -5.26505121E+02  2.85971370E+00  2.17291245E+01  1.92925615E-02 -6.81519653E+01  1.14537136E-02 -4.64228407E+01  1.41614813E-02  2.17994713E+02  1.66933965E-01  4.75491038E+04  7.29192820E+01  5.76902588E-03  4.41775103E-06  7.62838071E-01  5.27109999E-04
 -4.50000000E+01  4.56075873E+03  7.58932778E+00 -1.44864709E+04  1.37121185E+01 -9.92571214E+03  6.68509797E+00 -3.72604162E+02  2.75946094E+00  2.14776861E+01  1.92868133E-02 -6.82394024E+01  1.11809121E-02 -4.67617163E+01  1.38911314E-02  2.12291288E+02  1.75557591E-01  4.50945982E+04  7.46989770E+01  5.61809010E-03  4.64596720E-06  7.66241055E-01  4.48459684E-04
 -4.60000000E+01  4.38120660E+03  6.66729373E+00 -1.41053893E+04  1.25621129E+01 -9.72418271E+03  6.50817687E+00 -2.16030829E+02  2.40686962E+00  2.11904551E+01  1.78463053E-02 -6.82411415E+01  1.18315708E-02 -4.70506864E+01  1.19780599E-02  2.06698954E+02  1.55704774E-01  4.27487479E+04  6.44446259E+01  5.47009421E-03  4.12058101E-06  7.60698484E-01  4.32953884E-04
 -4.70000000E+01  4.20813397E+03  5.97063236E+00 -1.37168567E+04  1.20088641E+01 -9.50872272E+03  6.62430438E+00 -5.35196252E+01  2.18210713E+00  2.09111707E+01  1.57312685E-02 -6.81819660E+01  1.05734504E-02 -4.72707952E+01  1.09356366E-02  2.01174534E+02  1.52666406E-01  4.04958152E+04  6.14048723E+01  5.32389561E-03  4.04017345E-06  7.73930949E-01  4.43440011E-04
 -4.80000000E+01  4.04501964E+03  5.86982379E+00 -1.33461067E+04  1.15597109E+01 -9.30108705E+03  6.32549612E+00  1.08444307E+02  2.26182373E+00  2.06278945E+01  1.65030310E-02 -6.80787810E+01  1.14197913E-02 -4.74508865E+01  1.13017444E-02  1.96031903E+02  1.46503344E-01  3.84524151E+04  5.74073821E+01  5.18780071E-03  3.87707379E-06  7.68606548E-01  4.72272367E-04
 -4.90000000E+01  3.87330033E+03  5.51513713E+00 -1.29448034E+04  1.20250635E+01 -9.07150306E+03  7.32867014E+00  2.65251050E+02  2.14219153E+00  2.03198695E+01  1.64724171E-02 -6.79309751E+01  1.18915459E-02 -4.76111056E+01  1.09810547E-02  1.90546002E+02  1.52861052E-01  3.63343953E+04  5.82599993E+01  5.04262147E-03  4.04532457E-06  7.70167593E-01  5.05139210E-04
 -5.00000000E+01  3.69824079E+03  5.39833051E+00 -1.25204184E+04  1.12676942E+01 -8.82217757E+03  6.47231343E+00  4.17019669E+02  2.31967767E+00  2.00056191E+01  1.55931508E-02 -6.77516607E+01  1.06274380E-02 -4.77460416E+01  1.18938791E-02  1.84783945E+02  1.44462802E-01  3.41725990E+04  5.32894439E+01  4.89013402E-03  3.82307274E-06  7.72158124E-01  4.31550092E-04
 -5.10000000E+01  3.51159810E+03  5.98453722E+00 -1.20447886E+04  1.33952211E+01 -8.53319049E+03  7.94162187E+00  5.65613563E+02  2.25674235E+00  1.96743670E+01  1.69859656E-02 -6.75059184E+01  1.27484842E-02 -4.78315514E+01  1.17760816E-02  1.78407923E+02  1.70244917E-01  3.18598819E+04  6.07561147E+01  4.72139857E-03  4.50537226E-06  7.64050186E-01  4.93851316E-04
 -5.20000000E+01  3.30362920E+03  5.48981343E+00 -1.15061209E+04  1.28492590E+01 -8.20249170E+03  8.19216172E+00  7.01580998E+02  2.21365666E+00  1.92834308E+01  1.64767233E-02 -6.71876030E+01  1.13028742E-02 -4.79041722E+01  1.17283685E-02  1.71232167E+02  1.66320696E-01  2.93534396E+04  5.71587641E+01  4.53149892E-03  4.40152143E-06  7.64613820E-01  6.00927220E-04
 -5.30000000E+01  3.09578831E+03  5.93062350E+00 -1.09242803E+04  1.44942160E+01 -7.82849199E+03  9.05858576E+00  8.31069940E+02  2.15761320E+00  1.89368663E+01  1.74073099E-02 -6.68501574E+01  1.31331014E-02 -4.79132911E+01  1.17333351E-02  1.63387961E+02  1.88584439E-01  2.67337148E+04  6.15851681E+01  4.32390935E-03  4.99071054E-06  7.72106377E-01  5.14021149E-04
 -5.40000000E+01  2.87258286E+03  6.10797981E+00 -1.02996681E+04  1.66157359E+01 -7.42708525E+03  1.08400743E+01  9.39531569E+02  2.09773652E+00  1.85276287E+01  1.70273464E-02 -6.64634302E+01  1.51511911E-02 -4.79358015E+01  1.12078494E-02  1.54937348E+02  2.17433432E-01  2.40492293E+04  6.72323562E+01  4.10027180E-03  5.75417212E-06  7.72671169E-01  5.82290442E-04
 -5.50000000E+01  2.61007118E+03  7.17993690E+00 -9.51602824E+03  1.93448490E+01 -6.90595706E+03  1.24298250E+01  1.02564443E+03  2.48390372E+00  1.80838841E+01  1.93983043E-02 -6.59698689E+01  1.59817216E-02 -4.78859849E+01  1.11095868E-02  1.44210936E+02  2.60571090E-01  2.08508096E+04  7.49402744E+01  3.81640735E-03  6.89576983E-06  7.70608179E-01  6.14364191E-04
 -5.60000000E+01  2.32596999E+03  6.52904029E+00 -8.63980662E+03  1.89267386E+01 -6.31383663E+03  1.26752576E+01  1.08034861E+03  2.53268602E+00  1.75981079E+01  1.78088732E-02 -6.54126517E+01  1.55006576E-02 -4.78145438E+01  1.14842675E-02  1.32039022E+02  2.60663032E-01  1.74958360E+04  6.83334272E+01  3.49428905E-03  6.89820298E-06  7.76380884E-01  5.06390674E-04
 -5.70000000E+01  2.03990941E+03  5.78560446E+00 -7.70468208E+03  1.73149695E+01 -5.66477267E+03  1.17726796E+01  1.10692226E+03  2.58717408E+00  1.71496898E+01  1.70367469E-02 -6.48271638E+01  1.35810907E-02 -4.76774740E+01  1.15638333E-02  1.18801666E+02  2.44672003E-01  1.41832417E+04  5.80677478E+01  3.14397480E-03  6.47501538E-06  7.64748170E-01  5.33991215E-04
 -5.80000000E+01  1.72938897E+03  5.66652937E+00 -6.65090063E+03  1.83734503E+01 -4.92151166E+03  1.28886348E+01  1.08746130E+03  2.64311776E+00  1.66723810E+01  1.68714823E-02 -6.41669642E+01  1.57624427E-02 -4.74945832E+01  1.18866997E-02  1.03602982E+02  2.63057158E-01  1.08044024E+04  5.44026636E+01  2.74175588E-03  6.96156130E-06  7.71177446E-01  4.90449710E-04
 -5.90000000E+01  1.42652437E+03  5.40895491E+00 -5.58775517E+03  1.83878161E+01 -4.16123081E+03  1.31283842E+01  1.02844731E+03  3.02630209E+00  1.61957242E+01  1.72565501E-02 -6.34930305E+01  1.60803913E-02 -4.72973063E+01  1.15793309E-02  8.79606461E+01  2.70512388E-01  7.80509460E+03  4.72663525E+01  2.32779611E-03  7.15885698E-06  7.70197783E-01  5.19034289E-04
 -6.00000000E+01  1.15081972E+03  4.42119377E+00 -4.58061351E+03  1.59094439E+01 -3.42979379E+03  1.16460440E+01  9.40510537E+02  2.95615912E+00  1.57704359E+01  1.59311834E-02 -6.28454389E+01  1.39134619E-02 -4.70750031E+01  1.27150288E-02  7.28384055E+01  2.39386438E-01  5.37600420E+03  3.50515099E+01  1.92760018E-03  6.33513787E-06  7.70574647E-01  5.18648107E-04
 -6.10000000E+01  9.01162982E+02  4.34544385E+00 -3.65149827E+03  1.55541215E+01 -2.75033529E+03  1.12956157E+01  8.27212790E+02  3.33482777E+00  1.53351991E+01  1.69921967E-02 -6.22158693E+01  1.34675972E-02 -4.68806702E+01  1.21812021E-02  5.86483292E+01  2.38356535E-01  3.49855009E+03  2.84604381E+01  1.55207310E-03  6.30788244E-06  7.71711078E-01  6.44485628E-04
 -6.20000000E+01  7.06549895E+02  3.39544858E+00 -2.89929828E+03  1.28942579E+01 -2.19274838E+03  9.55904409E+00  7.18615741E+02  3.01190648E+00  1.50198453E+01  1.43458777E-02 -6.16987393E+01  1.17695714E-02 -4.66788940E+01  1.22130834E-02  4.69574859E+01  2.01735820E-01  2.25325890E+03  1.91803331E+01  1.24268588E-03  5.33874951E-06  7.65642582E-01  5.28433208E-04
 -6.30000000E+01  5.50880197E+02  3.03048545E+00 -2.28608572E+03  1.17152982E+01 -1.73520552E+03  8.74121426E+00  6.13951315E+02  2.95397706E+00  1.47417388E+01  1.55372869E-02 -6.12585365E+01  1.21524940E-02 -4.65167977E+01  1.28182380E-02  3.72882037E+01  1.84839285E-01  1.43097523E+03  1.40941446E+01  9.86797385E-04  4.89159853E-06  7.61232409E-01  4.80142970E-04
 -6.40000000E+01  4.30553984E+02  2.19693315E+00 -1.80004716E+03  8.70773845E+00 -1.36949317E+03  6.54955822E+00  5.20211330E+02  2.41424518E+00  1.45522081E+01  1.46639601E-02 -6.09142419E+01  9.35397454E-03 -4.63620338E+01  1.28239943E-02  2.95266329E+01  1.39449562E-01  9.03132875E+02  8.46207977E+00  7.81394683E-04  3.69040204E-06  7.57111108E-01  4.81572658E-04
 -6.50000000E+01  3.34939181E+02  1.61526089E+00 -1.41321312E+03  6.53767754E+00 -1.07827394E+03  4.96580844E+00  4.36218071E+02  1.92560506E+00  1.43465477E+01  1.46391586E-02 -6.06029297E+01  9.02969049E-03 -4.62563821E+01  1.48537593E-02  2.32998770E+01  1.05457745E-01  5.67598152E+02  5.05925546E+00  6.16609422E-04  2.79084045E-06  7.62184142E-01  5.01358597E-04
 -6.60000000E+01  2.63810200E+02  1.57655831E+00 -1.11857160E+03  6.45238447E+00 -8.54761403E+02  4.90510985E+00  3.66843779E+02  2.04498920E+00  1.42145916E+01  1.50201789E-02 -6.03805571E+01  8.63946336E-03 -4.61659655E+01  1.43718593E-02  1.85091694E+01  1.04974520E-01  3.62657322E+02  4.07054703E+00  4.89827832E-04  2.77805235E-06  7.59621870E-01  4.86454789E-04
 -6.70000000E+01  2.08509485E+02  1.20393912E+00 -8.89198620E+02  4.89940967E+00 -6.80689135E+02  3.72558682E+00  3.08170481E+02  1.67279265E+00  1.40999008E+01  1.72506367E-02 -6.01966760E+01  8.67819479E-03 -4.60967752E+01  1.79868012E-02  1.47590988E+01  8.02217767E-02  2.32886611E+02  2.47224282E+00  3.90585724E-04  2.12299418E-06  7.65649430E-01  5.28077861E-04
 -6.80000000E+01  1.64072415E+02  1.02879814E+00 -7.02490129E+02  4.20241963E+00 -5.38417714E+02  3.20330776E+00  2.56434027E+02  1.52044219E+00  1.40197875E+01  1.95868048E-02 -6.00508587E+01  7.59790201E-03 -4.60310712E+01  1.79799426E-02  1.16889962E+01  6.91545150E-02  1.48529348E+02  1.69246289E+00  3.09338335E-04  1.83010947E-06  7.63320294E-01  4.81674330E-04
 -6.90000000E+01  1.29245544E+02  8.08185842E-01 -5.53637686E+02  3.27505379E+00 -4.24392141E+02  2.48951629E+00  2.12650015E+02  1.25855670E+00  1.39665486E+01  1.94488504E-02 -5.99122071E+01  7.47583777E-03 -4.59456586E+01  1.86200841E-02  9.23249502E+00  5.40904634E-02  9.47700796E+01  1.07337332E+00  2.44329333E-04  1.43145345E-06  7.59140217E-01  4.84330989E-04
 -7.00000000E+01  1.02796130E+02  7.01766662E-01 -4.42481175E+02  2.95904375E+00 -3.39685045E+02  2.27440177E+00  1.77560196E+02  1.18291430E+00  1.38669758E+01  2.06778618E-02 -5.97838460E+01  1.51947557E-02 -4.59168702E+01  2.36206883E-02  7.38921774E+00  4.92270452E-02  6.21608238E+01  7.80009019E-01  1.95548726E-04  1.30274764E-06  7.65061952E-01  5.09350790E-04
 -7.10000000E+01  8.09760394E+01  6.05546272E-01 -3.49215014E+02  2.62882645E+00 -2.68238975E+02  2.04587048E+00  1.46349155E+02  1.07778927E+00  1.37905565E+01  2.45818725E-02 -5.95532561E+01  2.88071720E-02 -4.57626996E+01  3.36190877E-02  5.83926943E+00  4.37790164E-02  4.00774388E+01  5.78460661E-01  1.54530796E-04  1.15857066E-06  7.62719304E-01  5.00726843E-04
 -7.20000000E+01  6.47306908E+01  5.21745167E-01 -2.80225436E+02  2.23234629E+00 -2.15494746E+02  1.72524706E+00  1.22259435E+02  9.64858090E-01  1.36380053E+01  2.97886884E-02 -5.90699404E+01  5.88692456E-02 -4.54319351E+01  5.24213621E-02  4.69103029E+00  3.72397333E-02  2.68533805E+01  3.97007138E-01  1.24143723E-04  9.85514662E-07  7.58607350E-01  5.07996660E-04
 -7.30000000E+01  5.14835517E+01  4.68992074E-01 -2.21980561E+02  1.93244090E+00 -1.70497010E+02  1.47447387E+00  1.00940656E+02  8.86983924E-01  1.34929814E+01  3.58327848E-02 -5.81328399E+01  9.39778031E-02 -4.46398585E+01  8.14572991E-02  3.71832418E+00  3.22481909E-02  1.75894076E+01  2.87554593E-01  9.84019666E-05  8.53418166E-07  7.64464244E-01  5.17296493E-04
 -7.40000000E+01  4.07460804E+01  4.00409244E-01 -1.76337676E+02  1.69355130E+00 -1.35591596E+02  1.30599653E+00  8.31601134E+01  7.96271935E-01  1.30330719E+01  4.69297325E-02 -5.64899637E+01  1.45495057E-01 -4.34568918E+01  1.14639135E-01  2.95610418E+00  2.83041036E-02  1.17099534E+01  2.00681211E-01  7.82305282E-05  7.49041590E-07  7.60373746E-01  4.97897114E-04
 -7.50000000E+01  3.28939784E+01  3.51656524E-01 -1.41978924E+02  1.49086915E+00 -1.09084945E+02  1.14912706E+00  6.94839512E+01  7.28903213E-01  1.25042661E+01  5.76800786E-02 -5.40119468E+01  1.94093232E-01 -4.15076807E+01  1.51580315E-01  2.38091862E+00  2.49613678E-02  8.04963555E+00  1.47026071E-01  6.30087812E-05  6.60579218E-07  7.67062867E-01  4.81316101E-04
 -7.60000000E+01  2.59046117E+01  3.69572120E-01 -1.12126993E+02  1.48838973E+00 -8.62223808E+01  1.12970065E+00  5.67335054E+01  7.70796364E-01  1.16030736E+01  7.85834456E-02 -5.03484735E+01  2.69423948E-01 -3.87453999E+01  2.05479158E-01  1.88099850E+00  2.49300182E-02  5.46921618E+00  1.23127867E-01  4.97788635E-05  6.59749581E-07  7.61593771E-01  4.89937983E-04
 -7.70000000E+01  2.04161808E+01  2.64362437E-01 -8.85252667E+01  1.07774027E+00 -6.81090859E+01  8.24458045E-01  4.62824779E+01  5.72048401E-01  1.05099040E+01  7.80351452E-02 -4.57387801E+01  2.85004007E-01 -3.52288760E+01  2.20477350E-01  1.48560472E+00  1.80565420E-02  3.74374480E+00  7.79500248E-02  3.93151375E-05  4.77849470E-07  7.66639038E-01  5.23336929E-04
 -7.80000000E+01  1.65282891E+01  2.11946680E-01 -7.15761457E+01  9.34444375E-01 -5.50478566E+01  7.46866226E-01  3.86826840E+01  4.82042673E-01  9.66674574E+00  8.06288990E-02 -4.18055503E+01  3.56176049E-01 -3.21388045E+01  2.91720103E-01  1.20167360E+00  1.56565708E-02  2.63917485E+00  5.54898169E-02  3.18011662E-05  4.14336481E-07  7.63371288E-01  5.28519375E-04
 -7.90000000E+01  1.31814293E+01  2.05564968E-01 -5.71983491E+01  8.76017614E-01 -4.40169198E+01  6.79681196E-01  3.18551587E+01  4.89699348E-01  8.44603017E+00  9.67342846E-02 -3.66740497E+01  3.81656106E-01 -2.82280196E+01  2.92921317E-01  9.60406058E-01  1.47378251E-02  1.89207189E+00  4.38551306E-02  2.54162467E-05  3.90022737E-07  7.68347829E-01  4.82696266E-04
 -8.00000000E+01  1.06750052E+01  1.72721770E-01 -4.63547463E+01  7.16425497E-01 -3.56797412E+01  5.52039822E-01  2.66015234E+01  4.11942920E-01  7.43538448E+00  9.91103289E-02 -3.23209877E+01  3.84944062E-01 -2.48856032E+01  2.94070401E-01  7.78515807E-01  1.19892282E-02  1.37519800E+00  3.16983022E-02  2.06026916E-05  3.17283694E-07  7.72243684E-01  5.49619364E-04
 -8.10000000E+01  8.35990299E+00  1.52599072E-01 -3.64402611E+01  6.46639740E-01 -2.80803581E+01  5.03355492E-01  2.14873554E+01  3.80888266E-01  6.21437723E+00  8.94821361E-02 -2.70687416E+01  3.72835151E-01 -2.08543644E+01  2.93279612E-01  6.11947079E-01  1.08550495E-02  1.00034448E+00  2.82023404E-02  1.61946063E-05  2.87268718E-07  7.76825661E-01  5.03240797E-04
 -8.20000000E+01  6.73156547E+00  1.53613440E-01 -2.93568441E+01  6.30963490E-01 -2.26252787E+01  4.82844748E-01  1.78056749E+01  3.88605227E-01  5.29842558E+00  1.01279303E-01 -2.31305526E+01  4.13684845E-01 -1.78321270E+01  3.18597253E-01  4.93060409E-01  1.05913730E-02  7.38056249E-01  2.19288964E-02  1.30483819E-05  2.80290767E-07  7.82422956E-01  4.81362335E-04
 -8.30000000E+01  5.28810121E+00  1.21783905E-01 -2.30322238E+01  4.81697029E-01 -1.77441226E+01  3.65414528E-01  1.43761453E+01  3.08031206E-01  4.36696683E+00  8.58261938E-02 -1.89754846E+01  3.32846299E-01 -1.46085177E+01  2.56688590E-01  3.86991180E-01  8.07332088E-03  5.41669163E-01  1.61688689E-02  1.02413591E-05  2.13652875E-07  7.86946091E-01  5.17938049E-04
 -8.40000000E+01  4.17097975E+00  9.79154749E-02 -1.80870599E+01  4.21101323E-01 -1.39160802E+01  3.29958462E-01  1.16098566E+01  2.67475754E-01  3.62470656E+00  7.65956654E-02 -1.57350976E+01  3.21030484E-01 -1.21103911E+01  2.50600995E-01  3.03880200E-01  7.06671151E-03  3.90505824E-01  1.25243298E-02  8.04190485E-06  1.87013901E-07  7.90629428E-01  4.77878324E-04
 -8.50000000E+01  3.33568917E+00  8.42923147E-02 -1.44218840E+01  3.60893201E-01 -1.10861948E+01  2.80636500E-01  9.50723787E+00  2.36284898E-01  2.96299537E+00  6.94054586E-02 -1.27736755E+01  2.90912764E-01 -9.81068015E+00  2.25828005E-01  2.42275678E-01  6.05801546E-03  3.03670717E-01  9.93297558E-03  6.41159890E-06  1.60319705E-07  7.94329389E-01  4.86173393E-04
 -8.60000000E+01  2.73389861E+00  8.66607469E-02 -1.17772231E+01  3.59720886E-01 -9.04332450E+00  2.77827001E-01  7.97876416E+00  2.45038713E-01  2.48261115E+00  7.45096581E-02 -1.07134050E+01  3.09006085E-01 -8.23079389E+00  2.39214739E-01  1.97931263E-01  6.05168223E-03  2.35573634E-01  8.32710813E-03  5.23806549E-06  1.60152102E-07  7.98706163E-01  4.58743631E-04
 -8.70000000E+01  2.21205804E+00  7.24635031E-02 -9.62430584E+00  3.18047234E-01 -7.41224780E+00  2.49408897E-01  6.66325944E+00  2.17176525E-01  2.04653255E+00  6.24356599E-02 -8.89938104E+00  2.71483353E-01 -6.85284850E+00  2.13147328E-01  1.61787440E-01  5.34214076E-03  1.87614526E-01  7.83650349E-03  4.28155305E-06  1.41374751E-07  8.02782242E-01  4.69228688E-04
 -8.80000000E+01  1.66466281E+00  6.99417532E-02 -7.16356810E+00  2.90530813E-01 -5.49890529E+00  2.23280315E-01  5.09379048E+00  2.07245446E-01  1.56540888E+00  6.39282440E-02 -6.73560327E+00  2.64214295E-01 -5.17019439E+00  2.02935266E-01  1.20371543E-01  4.87753081E-03  1.35236588E-01  6.00844946E-03  3.18552013E-06  1.29079284E-07  8.06865656E-01  4.65332580E-04
 -8.90000000E+01  1.32904127E+00  5.72555144E-02 -5.80001822E+00  2.42724261E-01 -4.47097695E+00  1.88340887E-01  4.20555921E+00  1.76643235E-01  1.25654361E+00  5.15802913E-02 -5.45495263E+00  2.13745008E-01 -4.19840902E+00  1.65779664E-01  9.74891703E-02  4.08560246E-03  1.09928357E-01  5.50222138E-03  2.57995958E-06  1.08121642E-07  8.09612683E-01  4.68784070E-04
 -9.00000000E+01  1.07720907E+00  5.33764866E-02 -4.64295995E+00  2.09634762E-01 -3.56575088E+00  1.58791206E-01  3.45101020E+00  1.58686713E-01  1.03903913E+00  5.06796050E-02 -4.48308972E+00  1.97593290E-01 -3.44405059E+00  1.49452914E-01  7.79640120E-02  3.51396176E-03  8.33888704E-02  4.04874878E-03  2.06324455E-06  9.29937066E-08  8.12253907E-01  4.77869327E-04
 -9.10000000E+01  7.92224887E-01  4.02966247E-02 -3.45426650E+00  1.64970771E-01 -2.66204161E+00  1.27227797E-01  2.61768681E+00  1.26118370E-01  7.73726748E-01  3.93184905E-02 -3.37073308E+00  1.58693710E-01 -2.59700633E+00  1.22464569E-01  5.80189937E-02  2.77096125E-03  6.09180273E-02  3.08791609E-03  1.53541832E-06  7.33308939E-08  8.15705248E-01  4.93535862E-04
 -9.20000000E+01  6.43445852E-01  4.12231436E-02 -2.84721235E+00  1.63434500E-01 -2.20376649E+00  1.24133002E-01  2.20122601E+00  1.29014457E-01  6.32604916E-01  4.00939034E-02 -2.79922695E+00  1.58262914E-01 -2.16662203E+00  1.20107454E-01  4.78803533E-02  2.74133066E-03  4.95000833E-02  2.94558664E-03  1.26710870E-06  7.25467483E-08  8.20264200E-01  4.52344458E-04
 -9.30000000E+01  5.13661423E-01  3.27751632E-02 -2.19259591E+00  1.39725732E-01 -1.67893448E+00  1.08662855E-01  1.75172874E+00  1.10166838E-01  5.05057629E-01  3.18810733E-02 -2.15737480E+00  1.35417807E-01 -1.65231718E+00  1.05129576E-01  3.68888519E-02  2.34516849E-03  3.80786536E-02  2.53069117E-03  9.76228912E-07  6.20626874E-08  8.22237267E-01  4.41414745E-04
 -9.40000000E+01  4.10417175E-01  3.32350045E-02 -1.78551130E+00  1.30984375E-01 -1.37509412E+00  1.00284242E-01  1.44694220E+00  1.07986893E-01  4.03743578E-01  3.15825276E-02 -1.75839990E+00  1.26286244E-01 -1.35465632E+00  9.67277238E-02  3.00216631E-02  2.19746750E-03  3.09315114E-02  2.40330537E-03  7.94495192E-07  5.81539192E-08  8.26683365E-01  4.69824316E-04
 -9.50000000E+01  3.35744352E-01  2.94394733E-02 -1.46056549E+00  1.24726568E-01 -1.12482114E+00  9.69448403E-02  1.20917053E+00  1.02532177E-01  3.32157767E-01  2.88662478E-02 -1.44319922E+00  1.22363752E-01 -1.11104145E+00  9.51829653E-02  2.45683333E-02  2.09165358E-03  2.51550000E-02  2.20680235E-03  6.50177929E-07  5.53536527E-08  8.29095199E-01  4.73820940E-04
 -9.60000000E+01  2.54708952E-01  2.21549360E-02 -1.13391310E+00  9.51665419E-02 -8.79204149E-01  7.38776942E-02  9.51035851E-01  7.96272348E-02  2.53080095E-01  2.18049098E-02 -1.12867315E+00  9.38360851E-02 -8.75593057E-01  7.29163441E-02  1.90650000E-02  1.59492109E-03  1.92383333E-02  1.64064157E-03  5.04537368E-07  4.22080926E-08  8.31803306E-01  4.87776018E-04
 -9.70000000E+01  1.95679129E-01  1.85926096E-02 -8.47250443E-01  7.59916574E-02 -6.51571314E-01  5.82678343E-02  7.30032019E-01  6.55926925E-02  1.94246189E-01  1.85067952E-02 -8.42052838E-01  7.57120787E-02 -6.47806649E-01  5.80817737E-02  1.42433333E-02  1.27288791E-03  1.44200000E-02  1.29276097E-03  3.76936475E-07  3.36857863E-08  8.34507067E-01  4.52831720E-04
 -9.80000000E+01  1.52290721E-01  1.72886021E-02 -6.70011868E-01  7.04125094E-02 -5.17721147E-01  5.46977347E-02  5.86902186E-01  6.16795128E-02  1.52091044E-01  1.72920335E-02 -6.68786225E-01  7.02682322E-02 -5.16695181E-01  5.45399600E-02  1.12716667E-02  1.18056295E-03  1.13150000E-02  1.18639842E-03  2.98294101E-07  3.12424927E-08  8.37212423E-01  4.61865336E-04
 -9.90000000E+01  1.28104569E-01  1.86124201E-02 -5.15527144E-01  6.82638821E-02 -3.87422574E-01  5.03240726E-02  4.74207426E-01  6.36646120E-02  1.27185636E-01  1.84129910E-02 -5.11225747E-01  6.74316155E-02 -3.84040111E-01  4.96420647E-02  8.70333333E-03  1.14808331E-03  8.85000000E-03  1.18191012E-03  2.30325565E-07  3.03829494E-08  8.40017998E-01  4.68696801E-04
 -1.00000000E+02  7.53060106E-02  1.14541965E-02 -3.48348172E-01  4.89304427E-02 -2.73042162E-01  3.82282440E-02  3.12291172E-01  4.41181575E-02  7.51099496E-02  1.14358987E-02 -3.47739540E-01  4.89056953E-02 -2.72629590E-01  3.82183040E-02  5.85333333E-03  8.20329495E-04  5.87333333E-03  8.21556910E-04  1.54902984E-07  2.17092517E-08  8.42284413E-01  4.99622960E-04
