   41   51
### |Q| (\AA!U-1!N)
   0.51059   0.55018   0.60161   0.65176   0.69975   0.74806   0.79965   0.85102
   0.90037   0.94853   0.99916    1.0504    1.1001    1.1500    1.1997    1.2483
    1.2981    1.3496    1.4001    1.4503    1.5000    1.5500    1.5999    1.6499
    1.7001    1.7499    1.8002    1.8501    1.9002    1.9498    1.9999    2.0503
    2.1000    2.1500    2.2002    2.2501    2.3001    2.3500    2.4000    2.4499
    2.4875   0.00000
### E (meV)
  -0.49503  -0.44597  -0.39727  -0.34879  -0.30056  -0.25260  -0.20488  -0.15744
 -0.094564 -0.047685 -0.0010841  0.045297  0.091405   0.15252   0.19809   0.24339
   0.30344   0.34821   0.39272   0.45173   0.51032   0.55401   0.59745   0.65504
   0.69798   0.74073   0.79727   0.85348   0.90931   0.95094   0.99233    1.0472
    1.1017    1.1559    1.2096    1.2497    1.2896    1.3425    1.3950    1.4472
    1.4990    1.5504    1.6016    1.6524    1.7028    1.7529    1.8027    1.8522
    1.9013    1.9502    1.9866   0.00000
### Intensity (arb. unit)
     -12.1     -4.37     0.937     -2.24     -8.80     -7.23     -3.98     -10.1
     -15.1     -5.04     -8.83     -7.61     -11.1     -6.95     -17.6     -16.2
     -3.20     -5.54     -5.26     0.459     -1.07      4.09      3.96     -1.15
     -4.29    -0.776    -0.774     -1.80    -0.858    -0.354     -1.25     -1.55
     -1.38    -0.555     0.532      1.92  -0.00772     0.629      1.85    -0.426
     0.395      3.46      3.51      1.94     0.545    -0.803    -0.393    -0.846
    -0.651    -0.230      1.36
### Errors
      7.13      6.74      7.81      8.03      9.41      9.31      10.5      9.59
      10.5      12.5      11.9      12.9      11.2      11.2      13.0      11.1
      10.6      11.8      9.88      8.36      8.23      8.75      6.81      5.66
      5.76      4.24      2.98      2.48      2.42      2.71      2.40      2.18
      2.02      1.84      1.87      1.92      1.83      1.73      1.68      1.80
      1.91      1.72      1.63      1.69      1.76      1.75      1.72      1.74
      1.69      1.78      1.93
### Intensity (arb. unit)
    -0.722      5.68      11.4      6.93      3.56      5.74      16.3      13.1
      9.48      11.3      11.9      11.3      15.3      18.2      15.6      11.5
      15.5      10.9      12.1      9.51      7.50      10.3      8.65      2.83
      2.90      1.49      1.09   -0.0417     0.426    -0.395    0.0397      1.17
     0.433    -0.179     0.851      1.71    -0.111    -0.135    -0.343    -0.606
     0.626     0.613      1.06     0.883     0.346    -0.368     0.167    0.0567
     0.116    0.0919     0.231
### Errors
      6.24      6.13      7.13      7.54      8.71      8.79      9.85      8.98
      9.63      11.3      10.9      11.7      10.2      10.2      11.6      10.0
      9.59      10.6      8.92      7.53      7.42      7.76      6.14      4.99
      4.90      3.65      2.52      2.04      1.98      2.20      1.87      1.64
      1.58      1.57      1.64      1.82      1.61      1.49      1.48      1.52
      1.47      1.40      1.32      1.34      1.40      1.42      1.39      1.37
      1.35      1.42      1.69
### Intensity (arb. unit)
      11.3      13.3      15.1      16.9      16.9      25.5      32.5      25.0
      28.5      34.1      33.8      50.8      47.0      41.9      42.1      46.5
      38.1      32.0      33.7      26.6      16.3      18.5      14.7      10.0
      9.74      4.80      3.08      1.15     0.632      1.40      1.13     0.912
      1.19     0.613     0.517     0.817     0.567    -0.861     -1.01    -0.205
     0.125     0.277    -0.301    -0.312     0.248     0.114     0.977      1.10
     0.295    -0.267   -0.0204
### Errors
      6.73      6.64      7.91      8.09      9.38      9.36      10.6      9.63
      10.1      12.0      11.4      12.3      10.7      10.7      12.2      10.5
      10.1      11.3      9.40      7.92      7.82      8.28      6.48      5.19
      5.02      3.69      2.46      1.89      1.73      1.80      1.56      1.39
      1.38      1.38      1.50      1.73      1.48      1.41      1.42      1.38
      1.38      1.32      1.30      1.29      1.29      1.34      1.30      1.25
      1.27      1.38      1.60
### Intensity (arb. unit)
      13.4      13.6      14.3      18.1      20.1      24.7      27.3      37.1
      38.5      40.2      46.5      55.4      52.6      44.2      44.5      43.2
      39.3      29.9      40.1      31.7      26.0      18.8      13.0      10.5
      5.82      3.69      2.96    -0.202      1.16      1.90     0.743      1.09
     0.805    0.0941     0.195     0.496     0.141     0.213    -0.405     0.640
     0.132     0.656    -0.128    -0.757    -0.432     0.635     0.398     0.488
     0.485     0.285    -0.200
### Errors
      7.37      7.30      8.67      8.87      10.2      10.3      11.6      10.5
      11.1      13.0      12.4      13.4      11.7      11.9      13.9      11.9
      11.5      12.9      10.7      8.95      8.77      9.37      7.37      5.87
      5.79      4.18      2.71      2.06      1.76      1.90      1.64      1.47
      1.46      1.44      1.57      1.80      1.55      1.42      1.38      1.32
      1.34      1.33      1.31      1.33      1.33      1.30      1.32      1.28
      1.28      1.39      1.69
### Intensity (arb. unit)
      14.8      10.9      12.3      18.5      21.6      21.6      18.0      30.9
      36.9      40.0      46.1      51.3      49.3      39.9      26.8      35.0
      32.4      33.1      33.4      25.6      27.7      17.5      13.0      11.5
      7.93      4.31      1.99     -1.06     0.361     0.464    -0.314    -0.260
     0.817     0.270     0.162    -0.239    -0.378     0.537     0.300      1.07
      1.21     0.620    -0.568     -1.19    -0.484      1.27      1.08    -0.119
    -0.230     0.422     0.919
### Errors
      7.71      7.72      9.21      9.59      11.3      11.3      12.9      11.6
      12.3      14.5      13.7      14.8      12.8      12.9      14.9      12.7
      12.3      13.8      11.4      9.57      9.34      9.97      7.81      6.22
      6.00      4.37      2.83      2.09      1.78      1.91      1.63      1.46
      1.40      1.41      1.56      1.81      1.55      1.38      1.37      1.34
      1.34      1.33      1.34      1.36      1.34      1.29      1.30      1.32
      1.29      1.38      1.69
### Intensity (arb. unit)
      11.9      8.86      7.10      13.8      16.2      22.1      14.7      22.8
      37.7      28.7      31.8      38.2      38.3      38.2      38.4      36.1
      28.0      20.7      23.8      24.7      17.9      15.7      13.5      11.9
      10.7      5.80      1.44     0.929     0.476      1.36    -0.380    0.0346
     0.294     0.552     0.760      1.35    -0.205    -0.137     0.792      1.40
     0.635    -0.170     -1.11    -0.592     0.259     0.728     0.736     0.833
     0.225     0.169     0.279
### Errors
      8.30      8.28      9.94      10.2      11.8      11.8      13.4      12.1
      12.8      15.2      14.4      15.6      13.3      13.3      15.2      13.0
      12.6      14.1      11.7      9.80      9.66      10.2      8.03      6.38
      6.15      4.46      2.84      1.99      1.62      1.66      1.47      1.32
      1.30      1.29      1.39      1.57      1.37      1.25      1.25      1.23
      1.25      1.25      1.28      1.24      1.22      1.22      1.20      1.21
      1.20      1.32      1.62
### Intensity (arb. unit)
      3.83      5.40      4.88      11.9      12.1      20.7      23.5      22.9
      33.3      27.7      23.5      28.5      37.2      40.3      36.4      29.0
      24.1      21.0      21.7      20.3      10.7      10.8      8.47      11.0
      10.3      3.86     0.775     0.517      1.03     0.122    -0.362    0.0953
     0.305    -0.212     0.674     0.861     0.789     0.623      1.37     0.600
     0.162    -0.127  -0.00438     0.134     0.474     0.452     0.288     0.290
     0.433     0.556      1.06
### Errors
      8.58      8.48      10.2      10.2      11.7      11.7      13.2      12.0
      12.7      15.1      14.4      15.5      13.8      13.9      16.0      13.7
      13.2      14.8      12.2      10.1      9.85      10.5      8.17      6.46
      6.27      4.53      2.90      1.95      1.56      1.66      1.42      1.25
      1.23      1.23      1.28      1.44      1.26      1.15      1.11      1.16
      1.17      1.15      1.15      1.12      1.12      1.15      1.15      1.16
      1.13      1.27      1.57
### Intensity (arb. unit)
      4.26      7.95      10.1      9.56      14.9      23.9      32.4      27.9
      20.6      27.5      29.7      29.2      35.7      32.2      22.6      14.3
      12.9      17.3      28.2      18.6      14.2      8.55      6.68      6.34
      6.59      4.57      1.14     0.394    -0.289    -0.691     0.244     0.544
    -0.285     0.349    0.0821     0.326      1.20      1.60      1.81      1.03
    -0.203    -0.144     0.868     0.563     0.763     0.721     0.611      1.03
     0.351     0.983      2.32
### Errors
      8.36      8.33      9.96      10.5      12.2      12.2      13.8      12.5
      13.3      15.7      14.7      16.0      13.8      13.8      15.9      13.6
      13.1      14.7      12.0      9.67      9.36      9.88      7.81      6.19
      5.92      4.32      2.77      1.97      1.66      1.81      1.48      1.28
      1.28      1.23      1.33      1.52      1.31      1.17      1.10      1.15
      1.20      1.16      1.13      1.13      1.14      1.15      1.17      1.17
      1.13      1.20      1.45
### Intensity (arb. unit)
      2.55      7.11      10.1      9.54      13.0      22.1      28.3      27.9
      24.5      28.6      23.9      18.8      19.1      25.0      18.8      10.6
      6.28      6.99      20.2      13.8      6.24      5.74      3.58      4.20
      1.89      3.76      2.93    -0.456    -0.465     0.492     0.231   -0.0526
    -0.220     0.245     0.956    -0.245     0.450     0.984      1.51      1.67
     0.802     0.894      1.57      1.40      1.53     0.610      1.10      1.01
   -0.0772     0.634      1.88
### Errors
      8.69      8.54      10.2      10.5      12.3      12.3      13.9      12.5
      13.1      15.4      14.3      15.3      13.1      12.9      14.7      12.7
      12.3      13.6      11.4      9.92      10.1      10.7      8.40      6.73
      6.51      4.69      2.96      2.10      1.74      1.79      1.51      1.36
      1.33      1.30      1.38      1.63      1.37      1.22      1.20      1.21
      1.21      1.19      1.20      1.22      1.20      1.19      1.21      1.21
      1.19      1.27      1.58
### Intensity (arb. unit)
      6.78      6.89      4.43      6.87      11.9      7.71      9.55      19.7
      22.2      17.1      12.3      8.34      5.81      23.7      19.1      7.90
     -2.18      8.84      11.2      9.58      4.91      8.37      11.8      6.61
      1.97      3.23     0.664    -0.319     0.661      1.20     0.598    -0.239
   -0.0785     0.431     0.808     0.991     0.251     0.595      1.08      1.04
      1.11      1.43      1.65      1.22     0.954     0.619      1.48     0.694
     0.168      1.20      2.30
### Errors
      8.61      8.54      9.93      10.1      11.5      11.6      13.2      11.8
      12.2      14.3      13.8      14.9      13.3      13.7      15.9      13.5
      13.0      14.5      12.1      10.3      10.3      10.9      8.53      6.80
      6.65      4.78      3.06      2.09      1.65      1.68      1.42      1.30
      1.28      1.26      1.34      1.52      1.32      1.18      1.21      1.20
      1.17      1.15      1.14      1.14      1.16      1.19      1.13      1.14
      1.13      1.22      1.47
### Intensity (arb. unit)
      8.16      5.66      4.62      8.45      2.81      8.00      17.7      15.7
      18.6      19.6      15.4      10.2     0.166      7.54      18.2      9.47
      11.3      7.98      5.82      6.79      8.95      10.2      5.68      2.76
     0.113     -1.57    0.0783     0.417    -0.219     0.480     0.781     0.699
     0.392     0.326     0.170     0.845     0.626     0.791     0.443     0.684
     0.971     0.904      1.41     0.663     0.567      1.00      1.14     0.684
     0.815      1.25      1.77
### Errors
      8.12      8.16      9.95      9.83      11.3      11.4      12.8      11.6
      12.8      15.2      14.5      15.9      13.9      14.1      16.2      13.7
      13.1      14.6      12.1      10.1      9.77      10.3      8.06      6.43
      6.25      4.55      2.89      2.02      1.65      1.66      1.40      1.24
      1.21      1.19      1.32      1.48      1.29      1.15      1.15      1.13
      1.12      1.11      1.11      1.14      1.15      1.13      1.09      1.10
      1.11      1.19      1.43
### Intensity (arb. unit)
     0.371      2.64      9.06      16.5      12.3      5.19      7.98      18.6
      13.9      12.7      13.5      6.40      5.63      14.4      12.6      18.6
      17.3      7.82      3.37      9.16     0.992     -4.28      5.17     0.845
     -1.53     -2.06     0.828     0.594    -0.652   -0.0911     0.675     0.741
     0.941    0.0504    -0.345     0.410      1.51     0.702     0.671     0.563
      1.19      1.61     0.505     0.712     0.824     0.213     0.195     0.789
     0.970      1.24      1.41
### Errors
      7.83      7.86      9.46      10.2      12.0      12.0      13.6      12.1
      12.9      15.3      14.6      15.8      13.8      13.7      15.5      13.3
      13.0      14.7      12.2      10.1      9.44      9.92      7.77      6.20
      6.05      4.39      2.78      1.96      1.73      1.84      1.50      1.30
      1.24      1.26      1.39      1.58      1.35      1.22      1.20      1.18
      1.16      1.16      1.18      1.16      1.15      1.17      1.17      1.13
      1.14      1.28      1.58
### Intensity (arb. unit)
   -0.0992      1.71      5.28      12.8      18.2      11.2      9.50      8.98
      2.36      1.52      6.99      9.68      3.46      4.98      5.50      15.7
      10.4     -4.81      1.49      4.77      1.21    -0.807      2.36      1.14
    -0.532     -1.15     0.792     0.596     0.312      1.24     0.937     0.463
     0.290     0.359     0.967     0.709      1.52      1.22     0.792     0.398
     0.458      1.25      1.35     0.685     0.691     0.779    0.0828     0.432
      1.05      1.19      1.30
### Errors
      8.20      8.18      9.82      10.3      12.0      12.0      13.6      12.3
      13.1      15.4      14.6      15.9      13.8      13.6      15.0      12.8
      12.4      13.9      11.6      9.72      9.74      10.4      8.15      6.48
      6.28      4.56      2.88      1.99      1.65      1.71      1.42      1.30
      1.29      1.27      1.37      1.61      1.38      1.22      1.24      1.22
      1.20      1.17      1.15      1.13      1.12      1.13      1.16      1.11
      1.08      1.22      1.50
### Intensity (arb. unit)
      3.58      5.29     0.894      9.28      16.9      12.8      16.9      9.79
     -4.06     -6.77      12.1      2.76      7.52      5.49      7.13      4.55
      8.52      7.99      5.83      4.13      4.08     0.683      8.64      4.16
     -2.11      1.08      1.24   -0.0464     0.587      1.45     0.508     0.157
     0.616     0.874      1.57     0.783     0.562     0.182     0.530     0.174
     0.705     0.789      1.17     0.216     0.633      1.15     0.641     0.242
     0.931      1.17      1.15
### Errors
      8.76      8.75      10.5      10.5      12.1      12.0      13.7      12.2
      12.5      14.7      14.0      15.1      13.1      13.2      15.5      13.3
      12.8      14.3      11.9      10.1      10.3      11.0      8.46      6.64
      6.47      4.62      2.93      2.02      1.61      1.67      1.39      1.23
      1.21      1.20      1.28      1.49      1.28      1.15      1.15      1.15
      1.10      1.10      1.14      1.20      1.17      1.17      1.17      1.18
      1.11      1.20      1.48
### Intensity (arb. unit)
      5.55     0.795     -2.70   -0.0259      4.33      8.68      7.31      11.1
      7.63      4.77      9.19      12.2      5.90      6.97      6.54      7.50
      10.7      19.0      9.94      6.33      5.44      4.42      5.75     0.565
     -5.71     -1.14     0.127    -0.301     0.617      1.01      1.28      1.77
      1.56      1.48      1.47      1.00     0.504     0.109    -0.227    -0.470
     0.929      1.29      1.98      1.31     0.515      1.57      1.19     0.204
     0.980      1.87      1.01
### Errors
      8.66      8.62      10.3      10.1      11.5      11.4      12.8      11.7
      12.8      15.2      14.3      15.5      13.9      14.2      16.4      13.9
      13.1      14.7      12.2      10.3      10.1      10.7      8.07      6.26
      6.06      4.38      2.77      1.94      1.57      1.64      1.44      1.24
      1.20      1.21      1.36      1.59      1.37      1.24      1.24      1.24
      1.18      1.15      1.17      1.20      1.23      1.18      1.19      1.22
      1.17      1.21      1.49
### Intensity (arb. unit)
      2.20      2.90      1.93     -1.74      2.96      8.24      7.17      6.40
      21.8      18.2      10.8      13.2      2.19     0.505      6.22      5.47
      9.44      7.89      8.21      3.01      7.50      4.49      4.74    -0.858
     -6.80     -2.04    -0.885    -0.869     0.726      1.92      1.65      1.49
      1.61     0.707      1.28     0.770     0.613     0.741     0.286     0.824
      1.17     0.762     0.998      1.62     0.778      1.25      1.82     0.781
     0.962      1.68      1.41
### Errors
      8.38      8.38      9.86      10.5      12.2      12.6      14.4      13.0
      13.9      16.3      15.3      16.4      14.5      14.6      16.8      14.2
      13.9      15.5      13.1      10.9      10.7      11.2      9.08      7.33
      7.18      5.23      3.31      2.31      1.79      1.81      1.56      1.40
      1.37      1.36      1.47      1.72      1.51      1.35      1.37      1.37
      1.34      1.30      1.34      1.32      1.32      1.30      1.28      1.31
      1.32      1.50      1.85
### Intensity (arb. unit)
     -2.13      2.03      5.98     -3.37     -2.34     -2.44     -11.4     -2.15
      16.1      13.8      12.3      11.9     -2.42      1.42     -4.46     -5.31
     -8.51     -1.74      13.3      7.05      3.73      7.08      13.1    -0.189
     -1.04     -4.67     -2.37     0.179   -0.0513      2.45      1.53     0.349
      1.33     0.739     0.738     0.882     0.831     0.415     0.850      1.33
      1.11     0.181     0.343     0.797     0.987      1.33      1.91      1.15
     0.420     0.483     0.303
### Errors
      10.6      10.5      12.4      13.0      15.0      14.7      16.4      14.8
      15.5      18.4      17.3      18.6      16.4      16.5      18.9      17.4
      18.7      21.4      17.6      14.8      14.2      14.9      11.5      9.28
      9.08      6.46      4.13      2.85      2.21      2.18      1.91      1.79
      1.75      1.70      1.82      2.03      1.77      1.76      1.79      1.85
      1.78      1.68      1.72      1.66      1.66      1.68      1.64      1.63
      1.66      1.86      2.38
### Intensity (arb. unit)
     -6.17     -1.22      2.15     -7.93     -1.83     -8.45     -28.0     -12.5
      2.68      1.43      14.1      21.1      8.21     -10.6     -26.7     -10.9
      2.88      8.00      6.51      7.24      1.41      4.70      4.65     0.110
     -12.0     -6.25     -2.58     0.165     0.842      1.39     0.641     0.724
   -0.0849     0.902     0.869      2.04      1.47    -0.608   0.00634     0.709
      1.67     0.422     0.114     0.376     0.314     0.506     0.435     0.623
     0.266     0.610     0.424
### Errors
      12.5      12.3      14.7      15.1      17.5      16.6      18.5      16.7
      17.5      20.8      21.3      23.9      20.7      20.8      24.3      20.6
      20.0      22.5      18.6      15.6      15.1      15.0      11.9      9.51
      9.31      6.71      4.23      2.97      2.57      2.66      2.31      2.09
      2.06      2.00      2.06      2.23      1.96      1.92      1.86      1.87
      1.78      1.75      1.70      1.72      1.72      1.73      1.71      1.65
      1.66      1.83      2.25
### Intensity (arb. unit)
      4.97      1.78     -1.41     -2.29     -1.15     -7.64     -14.1     -11.3
     -12.3     -18.3     -12.2      31.4      6.07     -12.7     -16.9     -5.80
      9.68      11.7      10.4      6.51      3.92     -2.76    0.0162     -6.19
     -9.58     -6.99     -1.71    -0.127     0.500      1.41      3.20      2.98
      1.19      1.20      1.09      1.23      1.39     0.924      1.37    -0.104
      1.04      1.18    -0.503     0.761      1.22      1.29     0.404    -0.874
      1.16      1.01     0.985
### Errors
      12.1      12.2      14.4      14.9      17.3      18.5      21.5      19.2
      19.9      23.3      22.4      24.5      21.3      21.6      24.9      20.4
      19.0      21.0      17.6      14.7      14.7      16.5      13.0      10.5
      10.2      7.22      4.51      3.18      2.69      2.85      2.27      1.99
      1.91      1.84      2.01      2.21      1.96      1.78      1.72      1.73
      1.74      1.76      1.88      1.83      1.81      1.78      1.80      1.90
      1.78      1.92      2.35
### Intensity (arb. unit)
      18.8      5.46     -11.6     -1.48      5.99      4.76     -2.98     -14.2
     -27.2     -21.9     -5.24      14.6      6.61      9.01      4.28     0.558
      5.35      28.1      14.5     -3.40    -0.864      2.58     -1.21     -1.16
      2.87    -0.307    -0.271      1.34      1.45      3.42      3.22      3.16
      1.62     0.535     0.399      1.27     0.391      1.09      1.58     0.168
     0.725      1.71     0.907      1.79      2.14      2.31      1.46     0.690
      1.23      1.82      2.17
### Errors
      13.2      13.2      16.0      16.0      18.4      18.7      21.5      19.4
      20.3      22.7      21.5      22.9      20.2      20.3      23.2      20.5
      20.5      23.0      18.8      15.6      15.4      16.6      13.2      10.5
      10.1      6.96      4.34      3.04      2.47      2.39      2.02      1.83
      1.96      2.02      2.19      2.40      2.04      1.85      1.83      1.86
      1.84      1.78      1.79      1.73      1.68      1.67      1.78      1.81
      1.73      1.84      2.26
### Intensity (arb. unit)
     -2.54      2.26      2.41     -2.27      2.53      2.33     -7.16     -6.50
     -14.7     -8.10     -1.37     -5.56     -7.26     -3.55    -0.675     -1.10
     -3.23      13.0      4.01     -2.73     -6.32     -11.9     -2.66     0.544
      5.12      3.67      2.14      1.05      1.93      2.82      1.54     0.597
      1.63    -0.359     0.964      1.92     0.713     0.840      1.21     0.767
      1.48      2.44      2.28      2.19      1.97      2.04      1.62      1.84
      1.46      1.34      4.16
### Errors
      13.8      13.5      16.1      16.3      17.8      17.9      20.2      18.4
      19.8      24.8      23.5      25.5      21.8      21.4      24.8      21.3
      20.8      23.2      18.6      15.2      15.0      15.8      12.4      9.84
      9.44      7.14      4.60      3.18      2.43      2.32      2.08      1.96
      2.04      2.11      2.08      2.21      1.96      1.78      1.78      1.75
      1.73      1.75      1.77      1.78      1.76      1.82      1.83      1.76
      1.78      1.85      2.22
### Intensity (arb. unit)
     -1.46     -3.42     0.349      5.37      5.58     -6.81     -4.08     -10.8
     -16.3     -20.9     -28.4     -23.6     -12.6     -12.4      4.26     -13.0
     -6.81      1.19     -3.31     -5.51     -16.1     -6.87     -7.00     -5.83
     0.659      6.12      3.59     0.207      1.88      2.18  -0.00247    -0.344
   -0.0496     0.413      2.19      1.40      1.17     0.907      1.06      1.26
      1.75      3.23      3.52      2.19      1.13      1.18     0.286      1.27
     0.926     0.449      2.70
### Errors
      12.8      12.8      15.1      15.9      19.4      19.6      22.3      19.6
      20.7      25.0      23.8      25.7      21.5      20.9      23.7      20.4
      19.7      21.8      18.7      16.4      16.0      16.8      13.0      10.3
      10.0      7.20      4.59      3.07      2.41      2.41      2.14      1.97
      1.95      1.94      2.15      2.32      1.99      1.91      1.89      1.74
      1.77      1.87      1.84      1.74      1.75      1.75      1.77      1.73
      1.74      1.88      2.16
### Intensity (arb. unit)
     -3.42     -9.89     -8.56      4.83      10.4      5.17     -17.0     -13.6
     -13.2     -11.5     -22.4     -17.5     -18.4     -16.9     -16.6     -7.16
     -13.1     -3.27     -13.8     -13.4     -10.0      4.03     -1.56     -3.58
    0.0533      2.59     0.278     0.454      2.37      1.63      1.56    -0.668
    -0.601    -0.274     0.774      1.01     0.626      1.80     0.662     0.245
     0.601      1.18      1.82      1.02      1.13     0.180   -0.0825     0.317
     0.973      1.41      1.66
### Errors
      13.8      13.5      16.1      16.4      19.4      19.6      22.4      19.1
      19.8      23.2      22.4      24.0      21.6      22.6      26.0      21.7
      20.6      23.2      19.3      16.5      15.6      15.9      12.6      9.97
      9.62      6.96      4.39      3.16      2.55      2.71      2.33      2.16
      2.07      2.05      2.24      2.37      2.05      1.83      1.86      1.80
      1.79      1.80      1.75      1.86      1.88      1.94      1.95      1.91
      1.80      1.94      2.37
### Intensity (arb. unit)
     -6.26     -7.46     -9.29     -11.4     -13.7     -17.1     -18.9     -17.0
     -4.62      7.11     -13.9     -26.5     -18.1     -26.7     -36.0     -16.7
     -20.0     -25.2     -10.7     -14.4     -7.34     0.213      2.34      4.03
    -0.320      1.24      1.72     -1.06      1.23      2.32      3.44      2.09
   -0.0322     0.210     0.162     0.265    -0.128     0.938     0.457     0.264
    -0.162     0.640    0.0121     0.398     0.645     0.810      1.19      1.86
     0.977      1.23      2.18
### Errors
      14.0      13.3      15.2      15.8      18.1      18.4      20.9      20.0
      21.0      24.6      23.1      25.6      22.2      22.7      26.2      21.1
      19.9      22.1      18.5      15.6      15.7      17.1      13.2      10.2
      10.0      7.20      4.50      3.17      2.56      2.66      2.19      1.95
      1.98      1.93      2.12      2.68      2.19      1.89      1.85      1.91
      1.93      1.88      1.83      1.84      1.88      1.83      1.85      1.79
      1.71      1.84      2.17
### Intensity (arb. unit)
      4.08     -3.94     -3.05     -17.5     -30.0     -21.5     -3.81     -16.0
     -20.6     -12.7     -15.2     -22.3     -13.3     -7.26     -13.6     -20.3
     -19.7     -7.71     -5.68      1.51     -1.45   -0.0354     -5.94     -1.50
      2.97      1.86      2.27      1.43      2.98      2.38      1.92      1.76
      1.10     0.205      1.82      2.25     0.724      1.33      2.02      1.34
      1.22      1.56     0.412     0.705      1.33      1.76      1.92      2.27
      1.81      1.15      1.21
### Errors
      13.0      13.4      16.5      16.8      19.4      19.0      21.8      19.9
      21.0      23.4      22.3      23.9      21.0      21.0      24.2      21.7
      20.7      23.0      19.0      16.1      16.0      17.0      12.7      9.79
      9.33      6.78      4.28      2.99      2.60      2.75      2.32      2.04
      2.00      2.02      2.04      2.28      2.07      1.81      1.77      1.82
      1.81      1.77      1.88      1.94      1.90      1.87      1.91      1.76
      1.68      1.86      2.23
### Intensity (arb. unit)
      11.0     -7.85     -9.02     -4.64     -3.13     -9.54     -5.05     -8.39
     -17.2     -27.6     -24.4     0.965     -1.27     -7.94      6.55      8.96
    0.0550     -4.78    -0.420   -0.0679      2.63     -8.60     -6.38     0.285
      2.20      4.32      2.02      1.78      2.14      3.19      1.33     0.676
      1.69      2.57      1.83      2.38      2.41      1.70      2.20     0.319
      1.12      2.08      2.10      2.23      1.37      1.57      1.50     0.260
     0.395     0.739      1.83
### Errors
      13.7      13.7      16.6      16.7      18.2      18.3      20.5      18.6
      20.0      24.8      23.1      24.6      21.3      21.4      24.8      21.3
      19.7      21.6      18.0      15.0      14.7      15.6      12.8      10.0
      9.68      6.82      4.28      3.07      2.53      2.58      2.23      2.02
      1.92      1.86      1.99      2.34      2.09      1.96      1.87      1.96
      1.92      1.81      1.76      1.78      1.79      1.75      1.77      1.74
      1.72      1.94      2.42
### Intensity (arb. unit)
      2.35     -4.87     -7.50      7.49      3.74      2.83     0.120     -2.29
      2.62     -11.2     -10.9      10.8      2.03      11.0      23.4      21.5
      22.0      10.2      7.92     -3.08    -0.501    -0.218     -4.69      3.90
      6.60      3.34      1.86     0.998      1.20      2.53      1.76     0.747
      1.62      1.95      3.15      2.62      1.98      2.14      1.93     0.904
      1.87      2.67      1.56      3.21      3.83      3.34      2.00      1.69
     0.697      2.01      2.93
### Errors
      12.9      12.8      15.0      15.8      19.2      19.0      21.4      19.0
      20.4      24.4      22.4      23.1      20.3      20.3      23.0      20.0
      20.0      22.4      18.3      15.4      15.0      16.1      12.2      9.46
      9.01      6.53      4.11      2.94      2.52      2.79      2.27      2.06
      1.90      1.89      2.04      2.29      2.03      1.86      1.84      1.89
      1.82      1.71      1.85      1.79      1.75      1.78      1.80      1.82
      1.72      1.91      2.29
### Intensity (arb. unit)
     -12.6     -6.46     0.673      3.91      2.46      9.55      26.9      13.6
      2.85      11.8      18.6      30.7      30.2      24.7      29.1      26.6
      15.5     -4.29      3.38      11.0      14.8      12.8      3.35      3.35
      3.24      3.10      2.35      1.22      2.28      3.41      1.16      1.23
      1.86      2.46      2.89      3.49      2.40      2.59      1.51     0.883
      2.66      2.64      2.36      3.76      3.47      3.00      3.38      3.11
      2.65      2.34      4.45
### Errors
      13.8      13.2      15.5      16.0      19.1      18.3      19.9      18.1
      19.1      22.3      22.0      24.4      21.0      20.7      23.9      20.5
      19.8      21.1      17.5      14.6      14.3      15.1      12.1      9.70
      9.35      6.67      4.23      3.02      2.45      2.48      2.20      1.96
      1.87      1.82      1.93      2.26      2.01      1.90      1.99      1.97
      1.82      1.77      1.84      1.80      1.78      1.76      1.71      1.74
      1.82      2.00      2.25
### Intensity (arb. unit)
      9.88      10.7      8.30      10.8      19.4      18.8      22.8      14.3
      26.3      33.5      23.5      37.2      26.2      31.0      43.1      36.9
      20.4    -0.259      13.2      23.9      18.3      18.0      2.71     0.194
      2.33      2.60      3.94      3.24      3.63      3.54      2.53      3.53
      4.02      3.02      3.43      2.16      1.72      2.08      2.64      1.25
      1.86      4.39      2.37      3.37      2.70      3.51      3.94      3.07
      2.96      3.42      3.89
### Errors
      13.4      12.6      14.6      15.2      17.4      18.1      21.1      18.8
      19.5      23.3      22.2      24.3      20.2      19.9      22.6      19.5
      18.8      21.9      17.9      15.0      14.6      15.6      12.2      9.39
      8.93      6.43      4.02      2.86      2.42      2.61      2.29      2.05
      1.96      1.93      1.97      2.24      2.01      1.87      1.84      1.85
      1.88      1.89      1.98      1.89      1.88      1.79      1.74      1.79
      1.80      1.96      2.33
### Intensity (arb. unit)
      11.1      15.7      10.6      16.1      21.2      21.0      25.8      26.6
      32.0      41.7      28.9      23.0      27.7      51.6      54.2      45.1
      33.3      13.1      22.2      31.9      25.1      6.64      2.76      2.51
      1.16      5.13      5.95      3.05      2.76      1.15      2.23      4.28
      3.10      2.37      2.86      3.27      3.52      3.41      3.14      2.84
      2.73      4.23      3.74      3.35      3.12      3.87      3.56      3.31
      3.28      3.88      2.76
### Errors
      12.4      12.7      15.3      15.5      18.2      18.3      20.9      17.9
      18.6      21.8      21.0      22.5      20.6      20.5      23.7      20.0
      19.2      20.6      17.1      14.3      14.0      14.7      11.6      9.53
      9.46      6.63      4.13      2.95      2.48      2.76      2.31      2.01
      1.97      1.90      2.08      2.49      2.19      2.00      1.92      1.82
      1.82      1.83      1.85      1.82      1.78      1.76      1.95      2.01
      1.96      2.11      2.67
### Intensity (arb. unit)
      9.02      17.6      14.0      21.1      26.9      27.4      26.5      28.0
      35.6      46.7      32.6      21.0      42.3      53.1      46.8      38.1
      36.9      18.2      15.2      29.4      26.6      14.1      9.85      4.36
      1.71      8.10      6.20      3.80      4.44      2.65      1.99      2.99
      2.14      2.84      3.36      2.13      3.89      3.23      3.21      2.72
      3.37      4.85      4.97      2.49      3.48      3.74      2.95      3.31
      4.50      3.67      2.70
### Errors
      12.7      12.3      14.3      14.8      16.9      17.1      19.1      17.9
      19.0      22.5      21.2      23.3      19.8      19.5      22.2      19.1
      18.3      21.2      17.6      14.7      14.4      15.4      11.5      9.05
      8.88      6.41      3.98      2.80      2.51      2.89      2.38      2.04
      2.11      1.91      2.09      2.48      2.10      1.84      1.79      1.84
      1.88      1.89      1.86      1.86      1.79      1.83      1.91      1.86
      1.79      1.96      2.50
### Intensity (arb. unit)
      1.38      9.88      18.6      23.2      27.2      25.5      17.0      27.9
      43.8      42.1      39.4      46.8      43.0      39.2      31.6      30.9
      32.2      14.6      17.2      20.8      18.6      24.4      16.7      4.03
      3.46      6.43      3.82      3.74      4.05      3.60      2.77      1.75
      2.35      1.87      1.83      1.72      2.86      3.41      3.44      1.59
      2.34      5.25      3.69      2.17      3.33      3.31      3.27      3.96
      3.94      3.66      1.83
### Errors
      12.1      12.1      14.7      14.9      17.5      17.4      19.9      17.2
      18.1      21.1      20.3      21.6      19.1      19.8      23.1      19.5
      18.6      20.1      16.7      14.0      13.7      14.4      11.4      9.24
      9.19      6.48      4.15      2.80      2.45      2.64      2.20      1.94
      1.92      2.08      2.24      2.59      2.17      1.84      1.81      1.83
      1.83      1.74      1.71      1.86      1.92      2.01      1.95      1.83
      1.75      1.91      2.29
### Intensity (arb. unit)
      2.14      9.04      11.3      16.5      24.9      24.6      25.3      33.0
      30.3      16.7      40.5      45.0      41.4      41.3      31.1      31.2
      22.3      7.55      24.5      23.1      19.0      20.5      14.3      5.66
      2.40      1.37      2.37      2.72      4.45      3.41      2.05      2.76
      2.99      3.06      2.85      3.45      3.84      5.32      4.21      2.44
      1.49      2.49      4.21      2.71      2.96      4.37      4.50      4.48
      3.70      3.71      3.33
### Errors
      12.4      12.1      13.8      14.2      16.3      16.5      18.5      17.3
      18.3      21.8      20.5      22.3      18.4      18.5      21.3      18.2
      17.4      20.3      16.7      14.1      13.7      14.6      10.8      8.60
      8.47      6.13      3.82      2.84      2.47      2.67      2.25      1.92
      1.87      1.93      2.13      2.43      2.00      1.78      1.88      1.93
      1.88      1.79      1.73      1.82      1.87      1.79      1.73      1.80
      1.90      2.02      2.46
### Intensity (arb. unit)
      10.9      10.6      10.8      6.62      14.5      22.5      25.8      27.3
      16.3      6.41      30.1      36.8      37.0      37.1      42.0      30.5
      19.2      13.9      23.6      12.2      9.45      14.6      10.9      9.62
      5.30      1.41      1.57      4.46      3.87      3.35      2.35      1.92
      3.19      5.01      4.33      4.09      4.55      5.60      4.58      2.49
      2.82      3.21      4.69      3.98      2.47      2.18      3.37      3.52
      2.38      4.54      3.53
### Errors
      11.4      11.4      14.1      14.3      16.5      16.4      18.7      16.2
      17.2      20.2      19.0      20.0      18.3      18.6      21.4      18.1
      16.9      18.6      15.6      13.0      12.5      13.0      10.7      8.59
      8.44      6.04      3.65      2.61      2.38      2.53      2.17      2.01
      1.99      1.98      2.14      2.35      1.94      1.73      1.77      1.81
      1.79      1.78      1.83      1.90      1.91      1.84      1.79      1.79
      1.73      1.85      2.33
### Intensity (arb. unit)
      10.9      13.8      13.4      10.6      11.2      11.7     0.429      16.1
      15.5      6.93      23.6      31.4      30.3      31.1      37.1      27.6
      24.9     -2.94      12.6      2.45      8.79      14.4      10.3      5.31
     0.374      1.33      1.85      2.96      3.31      3.81      2.83      1.91
      3.92      4.24      2.71      3.69      4.55      4.21      4.43      2.81
      4.07      4.24      4.33      4.40      3.91     0.893      1.16      2.71
      3.28      4.76      4.99
### Errors
      11.7      11.4      13.0      13.5      15.4      15.4      17.1      16.2
      17.4      20.6      19.0      19.4      17.2      17.6      19.9      16.9
      16.4      19.3      15.8      13.2      12.2      12.5      9.97      7.93
      7.50      5.42      3.67      2.76      2.54      2.75      2.22      2.01
      1.90      1.81      1.96      2.24      2.02      1.86      1.83      1.83
      1.79      1.78      1.75      1.75      1.79      2.03      2.08      1.91
      1.72      1.83      2.28
### Intensity (arb. unit)
      5.12      11.5      14.8      5.04      7.97   -0.0142    -0.837      11.6
      23.1      15.8      21.8      30.0      22.7      20.5      22.6      23.0
      23.8      25.2      16.4      7.59      6.17      8.52      11.1    0.0466
     -4.00      1.16      3.38      1.99      1.86      1.56      2.19      2.68
      3.59      4.30      3.84      3.33      3.85      3.94      3.97      3.38
      4.50      4.92      3.06      3.82      3.77      2.61      2.20      3.38
      4.46      4.13      4.83
### Errors
      11.0      10.8      13.4      13.7      15.9      15.5      16.7      15.3
      16.4      19.1      18.1      20.4      17.8      17.8      20.5      16.7
      15.7      17.6      14.8      12.1      12.1      13.2      10.2      7.98
      7.31      5.25      3.41      2.59      2.33      2.58      2.34      2.16
      2.01      1.77      1.90      2.20      1.92      1.78      1.76      1.93
      1.97      1.94      1.78      1.78      1.75      1.80      1.79      1.74
      1.80      2.03      2.48
### Intensity (arb. unit)
      3.43      1.19      6.43      14.2      7.71     0.250      16.2      23.4
      16.6      26.7      22.1      18.9      17.9      21.8      18.1      20.1
      23.1      31.4      21.6      2.06      5.97      11.0      10.8      4.18
     -4.45      1.77      5.60      2.85     0.704      2.37      2.24      3.14
      3.63      4.71      4.55      4.43      4.05      5.21      4.80      3.69
      4.10      4.03      3.29      4.01      3.44      2.83      2.81      3.52
      3.78      3.69      4.57
### Errors
      11.4      10.8      12.6      13.0      14.8      15.0      17.6      15.8
      16.6      19.5      18.0      19.1      16.9      16.6      18.6      16.2
      16.2      18.3      14.9      11.9      11.7      12.4      9.62      7.54
      7.87      5.56      3.49      2.55      2.30      2.46      2.15      1.92
      1.87      1.89      2.04      2.25      1.93      1.78      1.77      1.81
      1.84      1.80      1.89      1.93      1.93      1.80      1.75      1.70
      1.68      1.87      2.30
### Intensity (arb. unit)
      10.5      5.48      2.48      12.7      12.5      4.61      6.78      4.69
      6.32      13.3      12.9      18.0      17.1      12.6     0.974      10.5
      17.1      20.2      8.78      5.04      10.4      6.15      8.28      2.05
      3.80      3.17      1.88      2.06      1.79     0.702      2.79      3.46
      3.49      3.72      3.73      5.16      4.98      5.03      3.55      3.29
      3.50      4.85      4.40      3.88      2.83      3.62      3.89      3.84
      4.66      3.18      4.50
### Errors
      10.2      10.5      13.1      13.2      15.4      14.9      16.7      15.1
      15.5      18.0      17.6      19.9      17.3      17.1      18.5      15.9
      15.4      16.8      14.0      12.4      12.3      13.1      9.69      7.49
      7.24      5.26      3.32      2.55      2.48      2.82      2.27      1.88
      1.83      1.83      1.91      2.10      1.91      1.87      1.96      1.83
      1.79      1.72      1.70      1.72      1.81      1.89      1.93      1.79
      1.62      1.81      2.19
### Intensity (arb. unit)
      16.5      5.45      5.82      3.67      9.65      5.76      4.35     -7.23
      1.89      13.8      17.4      10.8      13.6     -6.76     -12.6     -3.00
      8.54      11.6      8.51     -1.13      4.54      8.06      7.70      3.65
      5.59      2.56    -0.100   0.00818      1.66      3.52      2.56      4.20
      3.52      3.46      3.60      3.66      3.81      4.16      3.47      3.94
      4.60      4.79      4.75      3.07      3.39      3.93      2.95      3.33
      4.25      4.03      4.51
### Errors
      10.2      10.4      12.4      12.7      14.2      14.7      17.5      15.6
      15.6      17.9      17.4      18.8      16.4      16.4      20.0      17.0
      15.9      16.8      13.9      11.8      11.5      12.0      9.53      7.85
      7.65      5.29      3.39      2.62      2.36      2.51      2.16      1.96
      1.96      1.87      1.93      2.19      1.84      1.73      1.82      1.98
      1.87      1.77      1.73      1.71      1.66      1.71      1.77      1.76
      1.76      1.95      2.20
### Intensity (arb. unit)
      8.41      3.80     -1.22      3.94      5.42      4.87      10.2     -2.02
      2.09      35.7      24.4      7.81      6.12      6.06      3.68      2.58
      1.33      3.51    -0.193     -4.74      8.97      16.3      1.91     -2.62
   -0.0497     0.961    -0.778      1.65      3.60      3.94      2.95      3.31
      2.95      3.48      3.12      4.50      4.80      4.59      3.95      4.30
      5.21      4.13      3.84      4.27      4.64      3.96      4.12      4.10
      3.34      3.17      3.43
### Errors
      12.3      11.9      13.7      13.9      15.7      16.3      18.3      16.9
      17.4      20.1      18.9      20.5      17.6      18.1      20.9      18.2
      17.6      20.0      16.2      13.0      12.4      13.0      10.4      8.53
      8.08      5.85      3.82      2.90      2.56      2.76      2.39      2.12
      2.04      1.94      2.18      2.45      2.11      1.92      1.96      2.04
      1.91      1.91      1.97      1.89      1.86      1.91      1.94      1.91
      1.85      2.00      2.42
### Intensity (arb. unit)
      10.2      3.83     -5.17      6.98      16.3      10.8      10.5     0.823
      1.36      18.0      27.5      15.0      3.08      7.97      17.7      20.4
      14.8      9.29     -10.9     -3.92      17.0      27.8      4.76     -13.3
     -3.75     0.115     0.930      1.87      4.07      5.19      2.66      3.85
      4.91      5.31      5.10      5.88      4.46      3.57      2.44     0.406
      3.93      3.39      3.84      5.36      4.44      5.18      4.03      5.01
      3.03      3.56      5.00
### Errors
      15.2      13.3      14.1      15.6      21.1      21.3      24.3      22.0
      21.4      21.2      19.4      21.3      20.4      23.6      28.1      23.6
      22.6      24.9      17.9      13.8      15.8      17.5      13.8      11.3
      10.8      7.04      3.99      3.21      3.30      3.54      3.21      2.74
      2.57      2.10      2.16      2.69      2.86      2.63      2.59      2.77
      2.27      2.07      2.04      2.16      2.46      2.56      2.67      2.49
      2.08      2.20      2.61
