   41   51
### |Q| (\AA!U-1!N)
   0.51059   0.55018   0.60161   0.65176   0.69975   0.74806   0.79965   0.85102
   0.90037   0.94853   0.99916    1.0504    1.1001    1.1500    1.1997    1.2483
    1.2981    1.3496    1.4001    1.4503    1.5000    1.5500    1.5999    1.6499
    1.7001    1.7499    1.8002    1.8501    1.9002    1.9498    1.9999    2.0503
    2.1000    2.1500    2.2002    2.2501    2.3001    2.3500    2.4000    2.4499
    2.4875   0.00000
### E (meV)
  -0.49503  -0.44597  -0.39727  -0.34879  -0.30056  -0.25260  -0.20488  -0.15744
 -0.094564 -0.047685 -0.0010841  0.045297  0.091405   0.15252   0.19809   0.24339
   0.30344   0.34821   0.39272   0.45173   0.51032   0.55401   0.59745   0.65504
   0.69798   0.74073   0.79727   0.85348   0.90931   0.95094   0.99233    1.0472
    1.1017    1.1559    1.2096    1.2497    1.2896    1.3425    1.3950    1.4472
    1.4990    1.5504    1.6016    1.6524    1.7028    1.7529    1.8027    1.8522
    1.9013    1.9502    1.9866   0.00000
### Intensity (arb. unit)
     -2.19      8.16      15.7      11.3      9.50      13.0      21.3      20.9
      10.3      16.0      11.1      17.7      19.0      23.1      16.8      12.8
      19.6      21.8      14.9      12.2      13.9      15.3      14.3      6.02
    0.0703    -0.381     0.917     0.363     0.689     -1.16     -1.87     -1.52
    -0.605     0.172     0.271      2.73     0.749    -0.110     0.677   -0.0534
    -0.611      2.61      3.09      1.94     0.535     0.208     0.216     -1.05
    -0.397     0.606      2.39
### Errors
      6.85      6.46      7.48      7.66      8.99      8.89      10.0      9.17
      10.1      11.9      11.4      12.3      10.7      10.7      12.5      10.6
      10.1      11.3      9.43      7.94      7.85      8.31      6.48      5.40
      5.51      4.02      2.84      2.39      2.32      2.53      2.26      2.07
      1.94      1.75      1.76      1.82      1.74      1.62      1.55      1.72
      1.78      1.57      1.50      1.58      1.67      1.70      1.65      1.64
      1.63      1.74      1.95
### Intensity (arb. unit)
      8.17      14.3      20.3      18.4      18.1      22.4      31.9      34.0
      27.5      26.2      29.0      28.3      38.3      45.0      40.3      31.8
      32.4      33.0      30.9      22.9      20.0      20.6      18.3      10.8
      7.21      5.15      2.10     0.846     0.549     -1.10    -0.361      1.02
     0.959     0.316     0.354     0.820     0.316    0.0904     0.328    -0.503
     0.342     0.810      1.68      1.57     0.523    -0.468    -0.237    -0.402
     0.104     0.645      1.05
### Errors
      5.95      5.83      6.76      7.15      8.28      8.35      9.33      8.53
      9.14      10.7      10.3      11.1      9.70      9.66      11.0      9.50
      9.10      10.1      8.48      7.14      7.04      7.36      5.82      4.75
      4.66      3.47      2.39      1.94      1.87      2.07      1.76      1.55
      1.50      1.49      1.53      1.68      1.53      1.41      1.41      1.44
      1.38      1.32      1.24      1.27      1.33      1.35      1.31      1.30
      1.28      1.38      1.65
### Intensity (arb. unit)
      13.0      18.1      18.9      24.3      26.0      33.2      36.1      33.9
      41.3      46.3      46.4      60.8      58.8      56.6      57.1      55.6
      48.2      44.4      45.0      34.4      24.7      22.2      21.9      15.3
      12.0      6.79      3.63     0.949     0.682      1.84      1.24      1.66
      1.56     0.741     0.699     0.231     0.919    -0.361    -0.629     0.265
   -0.0344     0.867     0.629     0.583     0.306    -0.477     0.173      1.06
     0.287     0.120     0.789
### Errors
      6.35      6.27      7.46      7.64      8.87      8.84      10.0      9.09
      9.59      11.3      10.8      11.6      10.1      10.1      11.6      9.88
      9.56      10.7      8.87      7.47      7.39      7.80      6.12      4.91
      4.73      3.49      2.32      1.78      1.63      1.70      1.47      1.32
      1.30      1.30      1.41      1.62      1.40      1.34      1.36      1.31
      1.30      1.26      1.25      1.23      1.22      1.26      1.21      1.17
      1.20      1.32      1.55
### Intensity (arb. unit)
      12.6      15.8      20.5      24.1      26.2      27.1      27.5      38.2
      43.8      48.5      48.7      56.1      56.0      46.1      48.7      47.9
      45.1      34.9      38.8      33.2      29.1      18.8      14.8      14.2
      7.12      3.14      3.18    0.0482      1.46      1.48     0.930      1.62
      1.07    0.0438   -0.0522     0.835     0.546     0.464    0.0179     0.872
     0.683     0.859     0.577     0.138  -0.00606     0.700     0.216     0.923
     0.546     0.630     0.769
### Errors
      6.94      6.89      8.20      8.38      9.65      9.69      11.0      9.88
      10.4      12.3      11.7      12.6      11.0      11.2      13.1      11.2
      10.8      12.2      10.0      8.43      8.27      8.83      6.95      5.54
      5.46      3.94      2.55      1.95      1.66      1.77      1.54      1.39
      1.38      1.36      1.48      1.70      1.47      1.34      1.32      1.25
      1.28      1.26      1.25      1.28      1.27      1.23      1.25      1.21
      1.21      1.32      1.63
### Intensity (arb. unit)
      12.6      10.3      13.4      16.3      21.2      21.6      23.6      30.5
      28.4      32.7      36.7      43.9      43.4      34.0      23.4      33.7
      30.3      27.4      29.7      26.8      25.7      17.3      13.4      12.6
      9.85      4.44      2.40    -0.307      1.26      1.17     0.283      1.16
      1.50     0.357     0.186     0.594     0.660      1.13     0.815      1.42
      1.78      1.67     0.350    -0.210     0.210      1.82      1.32     0.328
     0.717      1.25      1.24
### Errors
      7.26      7.28      8.69      9.04      10.7      10.7      12.2      10.9
      11.5      13.6      12.9      14.0      12.1      12.1      14.1      12.0
      11.6      13.0      10.7      9.02      8.79      9.40      7.37      5.86
      5.67      4.12      2.68      1.99      1.69      1.81      1.55      1.40
      1.33      1.33      1.48      1.73      1.48      1.31      1.30      1.27
      1.27      1.27      1.29      1.31      1.28      1.22      1.23      1.26
      1.24      1.33      1.60
### Intensity (arb. unit)
      11.8      8.64      3.30      8.41      11.4      22.3      23.3      23.0
      24.6      15.7      21.4      25.0      26.7      25.5      26.4      29.2
      20.2      9.33      19.2      20.7      13.3      10.7      12.7      13.4
      9.57      4.93      3.52      2.32      2.40      3.64      1.05      1.06
      1.43      1.23      1.04      2.14      1.15      1.16      1.74      1.98
      1.45     0.963    -0.255    -0.118     0.782      1.27      1.33      1.12
      1.13      1.10     0.835
### Errors
      7.82      7.82      9.38      9.57      11.1      11.1      12.7      11.4
      12.0      14.3      13.5      14.7      12.5      12.5      14.3      12.2
      11.9      13.3      11.0      9.23      9.10      9.64      7.57      6.01
      5.79      4.20      2.69      1.89      1.55      1.60      1.41      1.26
      1.24      1.23      1.31      1.49      1.32      1.21      1.19      1.16
      1.19      1.20      1.24      1.19      1.17      1.16      1.15      1.15
      1.16      1.27      1.55
### Intensity (arb. unit)
      2.30      5.26     0.880      9.51      13.8      18.4      25.3      21.6
      25.2      18.3      15.8      18.1      26.9      33.8      35.8      25.3
      14.2      14.9      15.4      17.0      3.95      4.25      7.73      11.5
      10.9      4.63      3.48      2.69      2.51      1.09     0.545     0.644
      1.31     0.610      1.41      2.09      1.53      1.52      2.51      1.48
     0.894     0.776     0.914      1.15     0.991     0.365     0.707     0.755
      1.35      1.81      2.28
### Errors
      8.09      8.00      9.61      9.61      11.0      11.1      12.5      11.4
      12.0      14.2      13.6      14.6      13.0      13.1      15.1      12.9
      12.5      14.0      11.5      9.53      9.29      9.89      7.70      6.09
      5.91      4.28      2.75      1.86      1.49      1.58      1.36      1.19
      1.17      1.18      1.22      1.38      1.20      1.10      1.06      1.11
      1.12      1.11      1.10      1.07      1.07      1.09      1.10      1.11
      1.09      1.23      1.52
### Intensity (arb. unit)
      5.21      8.37      8.02      9.18      14.4      18.0      22.3      23.6
      17.4      15.4      20.8      17.4      31.2      28.9      26.9      19.7
      10.3      11.1      20.8      16.2      8.77      3.04      6.62      8.06
      8.19      5.61      2.78      1.72     0.673    -0.277     0.610      1.25
     0.363      1.38      1.49      1.47      1.64      1.64      3.01      2.24
     0.940     0.919      1.66      1.58      1.44     0.989     0.770     0.998
      1.55      2.22      3.31
### Errors
      7.89      7.87      9.40      9.91      11.5      11.5      13.0      11.8
      12.5      14.8      13.9      15.0      13.0      13.0      15.1      12.8
      12.4      13.9      11.3      9.12      8.83      9.32      7.37      5.85
      5.59      4.08      2.62      1.87      1.58      1.72      1.40      1.22
      1.22      1.18      1.28      1.46      1.24      1.10      1.05      1.10
      1.16      1.12      1.08      1.09      1.09      1.10      1.12      1.11
      1.09      1.17      1.39
### Intensity (arb. unit)
      2.32      6.40      10.6      6.12      8.97      15.2      20.9      16.9
      14.6      16.8      11.8      9.80      18.4      23.7      21.8      13.5
      6.87      6.63      15.3      9.60      1.32      5.29      4.04      5.39
      4.87      2.84      3.99      1.01    0.0147      1.11      1.36     0.707
     0.773      1.30      2.70      1.51      1.40      1.94      2.51      2.65
      1.90      1.87      1.80      1.74      1.94      1.05      1.32      1.37
      1.04      1.93      2.67
### Errors
      8.21      8.06      9.60      9.94      11.6      11.6      13.1      11.8
      12.4      14.5      13.4      14.4      12.4      12.2      13.9      12.0
      11.6      12.8      10.7      9.35      9.50      10.1      7.94      6.36
      6.17      4.42      2.80      2.00      1.65      1.69      1.44      1.29
      1.27      1.25      1.33      1.58      1.31      1.17      1.15      1.15
      1.17      1.15      1.14      1.16      1.14      1.14      1.15      1.15
      1.16      1.25      1.51
### Intensity (arb. unit)
      8.92      2.47      5.13      7.61      9.42      5.20      4.37      11.2
      13.9      6.07      1.81     -2.48      3.46      24.8      24.1      7.94
     -5.82      8.21      10.8      8.39      1.92      3.43      7.20      6.58
      2.19     0.747     0.575     0.709      1.14      2.00      1.57     0.505
      1.10      2.00      2.42      2.27      1.52      1.57      1.74      1.81
      2.03      1.86      2.16      1.96      1.61      1.00      2.19      1.86
      1.61      2.15      3.43
### Errors
      8.14      8.06      9.38      9.49      10.9      11.0      12.4      11.2
      11.5      13.4      13.0      14.1      12.6      13.0      15.0      12.8
      12.3      13.7      11.4      9.70      9.69      10.3      8.03      6.42
      6.29      4.51      2.89      1.98      1.56      1.59      1.36      1.24
      1.23      1.22      1.29      1.46      1.27      1.13      1.15      1.15
      1.11      1.09      1.08      1.08      1.11      1.13      1.08      1.10
      1.11      1.18      1.42
### Intensity (arb. unit)
      8.40      5.42      4.03      7.98      1.39      4.20      10.9      6.12
      6.42      11.8      5.78     -3.49     -8.07      8.18      17.9      9.05
      5.62      1.41      3.90      4.55      1.66      2.63      4.49      2.11
    -0.457     -2.47     0.355      1.46     0.722      1.79      1.52      1.51
      1.82      2.01      1.59      1.72      1.35      1.67      1.77      1.93
      1.84      1.86      2.13      1.38      1.15      1.49      2.34      1.99
      1.61      2.36      3.10
### Errors
      7.66      7.71      9.40      9.28      10.7      10.7      12.0      11.0
      12.0      14.4      13.7      15.0      13.1      13.3      15.3      13.0
      12.3      13.7      11.4      9.53      9.21      9.70      7.60      6.07
      5.90      4.30      2.73      1.91      1.57      1.58      1.34      1.18
      1.16      1.15      1.27      1.41      1.23      1.10      1.10      1.09
      1.07      1.07      1.06      1.09      1.10      1.08      1.05      1.07
      1.06      1.15      1.39
### Intensity (arb. unit)
      1.97      3.00      4.32      8.03      4.06      4.39      10.7      13.7
      8.99      9.13      9.98     -2.26      1.46      3.76      3.98      10.1
      9.24     -2.72     -2.43      6.88    -0.398     -4.86      4.61      2.15
     -3.47     -2.35     0.835      1.19     0.937      1.16      2.02      2.14
      2.76      1.64     0.821      1.06      1.87      1.65      1.69      1.69
      2.08      2.52      1.52      1.55      1.47      1.18      1.06      1.89
      1.98      2.12      1.81
### Errors
      7.40      7.42      8.92      9.59      11.3      11.3      12.8      11.4
      12.2      14.4      13.8      14.9      13.0      12.9      14.6      12.6
      12.3      13.9      11.5      9.53      8.92      9.38      7.33      5.86
      5.71      4.15      2.62      1.86      1.66      1.76      1.43      1.25
      1.20      1.21      1.34      1.51      1.28      1.17      1.15      1.13
      1.11      1.11      1.14      1.11      1.10      1.13      1.13      1.09
      1.10      1.22      1.50
### Intensity (arb. unit)
      3.30      1.97     -1.05      2.85      5.98      5.91      9.74      8.50
      6.82      4.41      7.26      10.2      3.00     -4.83     -9.50      6.83
      3.10     -5.52     -1.60     0.795     0.466     -1.09     0.647      2.61
      1.26     -1.29      1.36      2.11      2.49      3.38      2.20      1.76
      1.87      1.62      1.66      1.24      1.91      2.48      1.88      1.55
      1.68      2.36      2.16      1.49      1.56      1.15     0.630      1.52
      1.81      1.70      2.29
### Errors
      7.76      7.72      9.26      9.67      11.2      11.4      12.8      11.7
      12.3      14.6      13.8      15.0      13.0      12.8      14.1      12.0
      11.7      13.2      10.9      9.18      9.21      9.81      7.70      6.13
      5.95      4.32      2.72      1.90      1.58      1.64      1.36      1.25
      1.24      1.22      1.31      1.54      1.30      1.16      1.18      1.17
      1.15      1.12      1.09      1.08      1.07      1.08      1.11      1.07
      1.04      1.16      1.44
### Intensity (arb. unit)
      3.86     0.503     -7.39      4.10      11.6      5.90      7.72      7.58
     -1.38     -10.5      8.81      6.18      5.69     -1.81     0.167      1.93
      1.44      3.23      5.12    -0.439      3.41      5.94      8.23      4.02
      1.43      2.12      1.74      2.07      3.14      3.10      1.46      1.64
      1.94      1.87      2.31      1.69      1.90      2.45      2.27      2.08
      2.23      2.18      2.20     0.915      1.35      1.59      1.37      1.33
      1.86      1.90      2.08
### Errors
      8.28      8.26      9.86      9.89      11.4      11.3      12.9      11.6
      11.8      13.9      13.2      14.3      12.3      12.4      14.7      12.6
      12.1      13.5      11.2      9.52      9.70      10.4      7.99      6.28
      6.14      4.37      2.77      1.92      1.55      1.60      1.33      1.18
      1.16      1.14      1.22      1.42      1.22      1.11      1.12      1.11
      1.07      1.06      1.09      1.15      1.12      1.11      1.12      1.14
      1.07      1.16      1.44
### Intensity (arb. unit)
     -1.01     -2.89    0.0310      1.73      3.95      5.66      3.49      5.04
      1.25     -3.27      8.97      11.1      4.59      1.67      5.96      6.60
      6.34      12.6      4.36     0.525      4.07      6.33      5.51      1.87
     -2.92     0.307     0.868      1.20      2.48      2.30      1.61      2.69
      2.86      2.58      2.75      2.06      1.86      1.64      1.68      1.66
      2.39      2.54      2.59      2.54      1.67      2.41      2.25      1.43
      2.12      2.49      2.23
### Errors
      8.15      8.13      9.72      9.51      10.8      10.8      12.1      11.0
      12.0      14.3      13.5      14.7      13.2      13.4      15.5      13.1
      12.4      13.8      11.5      9.69      9.55      10.2      7.62      5.93
      5.75      4.15      2.62      1.84      1.50      1.57      1.36      1.18
      1.15      1.16      1.30      1.51      1.32      1.20      1.21      1.22
      1.14      1.11      1.11      1.15      1.18      1.13      1.14      1.18
      1.13      1.16      1.45
### Intensity (arb. unit)
     -1.50    -0.742      3.00      3.44      3.19      4.26      6.83      3.89
      16.0      13.1      15.1      16.0    -0.660     -3.36      2.44      3.90
      3.25    -0.615      1.14      2.80      5.66     0.953      3.59      2.73
     -1.47    -0.421     0.554     0.542      2.17      2.41      2.63      2.64
      2.86      2.62      2.81      1.60      1.77      2.11      1.86      1.88
      2.24      2.55      2.44      2.81      2.30      2.11      2.65      1.78
      1.84      2.59      2.57
### Errors
      7.90      7.91      9.32      9.95      11.6      11.9      13.6      12.3
      13.1      15.4      14.5      15.5      13.7      13.8      15.8      13.4
      13.2      14.6      12.4      10.3      10.1      10.6      8.57      6.94
      6.82      4.96      3.14      2.20      1.71      1.70      1.47      1.33
      1.31      1.31      1.41      1.64      1.45      1.30      1.32      1.31
      1.28      1.27      1.29      1.27      1.28      1.24      1.22      1.26
      1.27      1.44      1.77
### Intensity (arb. unit)
    0.0561      4.47      10.6      4.83     -3.41     -2.26     -1.40      4.98
      19.1      21.5      14.5      13.0    -0.332     -1.95     -11.0     -12.6
     -6.47     -5.50      6.88      3.37      1.56      3.59      5.51     0.781
      1.36     0.735     0.835      2.88      2.08      3.58      2.83      1.84
      2.19      2.08      2.27      2.83      2.74      2.39      2.38      1.48
      2.06      2.57      1.67      2.51      2.55      1.90      2.74      2.79
      1.83      2.12      1.17
### Errors
      10.0      9.90      11.7      12.3      14.1      13.9      15.6      14.0
      14.7      17.3      16.4      17.5      15.5      15.6      17.9      16.5
      17.7      20.3      16.6      14.0      13.4      14.1      10.8      8.77
      8.58      6.14      3.94      2.72      2.12      2.06      1.82      1.72
      1.66      1.62      1.74      1.96      1.71      1.70      1.72      1.74
      1.70      1.65      1.65      1.61      1.60      1.59      1.56      1.58
      1.60      1.80      2.28
### Intensity (arb. unit)
    -0.509      3.92      11.7    -0.955     0.453     -4.56     -14.5     -2.72
      7.04      10.5      18.1      14.8      9.68     -7.08     -25.9     -10.9
     0.228      6.31      4.63      6.27      1.24      5.05      2.53      1.18
     -10.2     -2.69      1.92      2.68      2.55      3.11      2.04      1.71
      1.41      1.50      2.04      3.74      3.65      1.66      2.34      1.77
      2.77      2.04      2.15      2.15      1.95      1.46      2.03      2.99
      2.22      2.12      1.14
### Errors
      11.9      11.6      13.9      14.3      16.6      15.7      17.6      15.8
      16.6      19.7      20.2      22.5      19.5      19.7      23.0      19.5
      18.9      21.3      17.6      14.7      14.3      14.2      11.2      8.99
      8.84      6.38      4.04      2.84      2.45      2.54      2.20      1.98
      1.98      1.90      1.96      2.14      1.89      1.87      1.81      1.79
      1.69      1.69      1.65      1.67      1.66      1.65      1.65      1.61
      1.61      1.77      2.15
### Intensity (arb. unit)
      1.10     0.961      6.09      5.77     -2.53     -13.5     -25.1     -15.0
     -16.0     -11.8     -10.2      20.7      9.59     -11.7     -17.7     -13.0
      3.62      2.20      6.82      6.47      8.47      3.80      3.69     -2.72
     -4.01     -3.21      1.86      1.39      1.22      1.06      3.52      3.33
      3.03      3.67      2.67      2.31      2.85      2.55      3.05      2.18
      2.44      3.19      1.53      2.48      1.94      2.64      2.34     0.900
      1.88      2.62      2.46
### Errors
      11.4      11.5      13.6      14.1      16.3      17.5      20.3      18.1
      18.8      22.1      21.2      23.1      20.1      20.4      23.5      19.3
      17.9      19.8      16.6      13.9      13.9      15.7      12.3      9.91
      9.66      6.86      4.30      3.02      2.54      2.67      2.12      1.86
      1.83      1.78      1.92      2.11      1.87      1.71      1.66      1.69
      1.67      1.70      1.84      1.76      1.72      1.70      1.75      1.85
      1.69      1.86      2.27
### Intensity (arb. unit)
      9.75      5.69     -7.56      5.66      4.49     -1.67     -11.8     -19.3
     -31.8     -31.1     -11.9      9.54      7.95      7.50      2.57     -5.74
     -1.61      16.0      7.89     -1.70      3.09      10.2     -3.02     0.756
      3.56      2.36      1.39      2.71      2.84      4.79      4.86      4.17
      2.38      2.73      2.08      2.65      2.29      3.25      3.46      2.98
      3.22      4.45      2.85      3.41      3.58      3.64      2.53      1.23
      1.89      2.94      3.12
### Errors
      12.3      12.5      15.1      15.1      17.4      17.6      20.3      18.3
      19.2      21.4      20.3      21.6      19.1      19.1      21.9      19.4
      19.4      21.7      17.8      14.8      14.5      15.7      12.5      9.93
      9.53      6.58      4.12      2.88      2.34      2.25      1.92      1.73
      1.85      1.95      2.10      2.28      1.97      1.79      1.76      1.81
      1.79      1.73      1.73      1.66      1.60      1.59      1.70      1.72
      1.64      1.76      2.16
### Intensity (arb. unit)
     -10.1     -1.67     -2.53     -5.30     -5.08    -0.720     -10.5     -12.5
     -21.5     -17.3     -8.46     -5.95      4.77     0.426     -8.80     -10.2
      1.26      16.1      6.79      3.98     -4.83     -13.9     -3.98     0.248
      6.47      3.00      3.06      2.95      5.17      6.61      4.75      3.52
      2.39      1.19      2.93      4.31      3.13      3.15      3.25      3.48
      3.74      3.78      3.62      3.40      3.50      3.53      2.12      2.90
      2.33      2.97      6.25
### Errors
      13.0      12.7      15.2      15.4      16.8      16.9      19.1      17.3
      18.7      23.4      22.2      24.1      20.6      20.2      23.4      20.1
      19.6      21.9      17.6      14.3      14.1      15.0      11.7      9.30
      8.92      6.74      4.35      3.02      2.34      2.26      2.02      1.90
      1.92      2.02      1.99      2.12      1.90      1.72      1.71      1.70
      1.67      1.67      1.69      1.69      1.68      1.73      1.72      1.68
      1.69      1.78      2.13
### Intensity (arb. unit)
     -1.40     -5.76     -4.84      5.75    0.0572     -17.3     -19.1     -15.2
     -18.2     -32.4     -31.2     -15.8     -10.5     -9.05     -2.13     -5.54
     -2.60      4.07      6.17     -8.40     -19.6     -14.5     -8.03     -1.81
      5.95      5.25      4.37      2.97      4.89      5.31      3.33      2.66
      2.48      2.86      3.99      4.44      4.47      2.98      2.35      4.20
      3.73      3.45      3.78      3.62      3.26      3.77      2.57      2.98
      2.66      2.27      4.99
### Errors
      12.1      12.1      14.3      15.0      18.3      18.5      21.0      18.5
      19.6      23.6      22.5      24.3      20.3      19.8      22.4      19.3
      18.6      20.6      17.6      15.4      15.1      15.9      12.2      9.72
      9.49      6.79      4.32      2.93      2.31      2.33      2.08      1.91
      1.88      1.87      2.05      2.27      1.95      1.84      1.81      1.70
      1.70      1.74      1.72      1.66      1.69      1.70      1.72      1.66
      1.67      1.81      2.09
### Intensity (arb. unit)
      1.32     -11.2     -8.99     0.834     -3.74     -3.81     -30.3     -16.5
     -8.41     -20.1     -32.1     -29.5     -20.7     -19.6     -19.3     -2.71
     -8.50     -8.66     -16.2     -20.9     -11.8     0.656     -1.00     -2.46
    -0.332      2.42      2.96      5.18      5.58      3.71      3.04      1.87
      2.40      2.75      3.33      3.83      4.08      3.89      2.46      3.28
      3.21      3.30      3.62      3.15      3.34      1.97      1.77      2.19
      3.49      3.46      3.41
### Errors
      13.1      12.8      15.2      15.5      18.3      18.5      21.2      18.1
      18.7      21.9      21.1      22.6      20.4      21.3      24.6      20.5
      19.4      21.9      18.3      15.6      14.7      15.0      11.9      9.43
      9.09      6.58      4.16      3.04      2.44      2.60      2.22      2.09
      2.01      2.00      2.16      2.29      1.99      1.76      1.79      1.76
      1.74      1.73      1.68      1.80      1.81      1.87      1.88      1.85
      1.75      1.88      2.28
### Intensity (arb. unit)
     -9.13     -12.4     -9.52     -12.3     -17.7     -16.4     -20.0     -21.6
     -4.11     -10.1     -26.0     -42.0     -29.0     -23.0     -23.5     -7.09
     -16.6     -20.2     -15.3     -23.7     -13.3      4.55      1.55      5.96
      2.18     -1.75      3.42      4.45      4.32      3.47      4.81      4.60
      2.54      3.46      3.54      2.28      3.28      4.31      4.09      3.68
      3.37      3.81      2.81      2.24      1.84      2.33      2.96      3.63
      4.00      4.22      5.04
### Errors
      13.2      12.6      14.4      15.0      17.1      17.4      19.7      18.9
      19.8      23.2      21.8      24.1      21.0      21.5      24.8      20.0
      18.8      20.9      17.5      14.7      14.9      16.2      12.4      9.64
      9.51      6.79      4.26      3.07      2.45      2.52      2.07      1.87
      1.92      1.88      2.06      2.56      2.13      1.84      1.82      1.87
      1.90      1.84      1.78      1.77      1.79      1.75      1.78      1.72
      1.67      1.79      2.11
### Intensity (arb. unit)
     -5.50     -11.4     -11.7     -20.3     -31.9     -26.5     -16.0     -19.5
     -19.2     -15.7     -24.2     -23.2     -15.8     -11.7     -17.7     -18.6
     -20.5     -10.8     -10.3     -15.2     -13.4     -4.33     -2.03     0.454
      5.09      3.73      3.19      4.18      4.33      2.99      4.53      5.04
      4.34      3.25      5.39      6.06      4.81      5.39      5.50      4.72
      4.29      5.12      2.84      2.49      2.99      3.33      3.57      5.34
      5.47      4.11      4.16
### Errors
      12.3      12.6      15.6      15.9      18.3      17.9      20.5      18.8
      19.8      22.1      21.1      22.6      19.8      19.8      22.8      20.5
      19.5      21.7      17.9      15.1      15.1      16.1      12.0      9.26
      8.82      6.42      4.04      2.85      2.46      2.59      2.22      1.97
      1.94      1.97      1.99      2.23      2.02      1.77      1.73      1.78
      1.77      1.73      1.82      1.87      1.82      1.78      1.82      1.72
      1.66      1.82      2.17
### Intensity (arb. unit)
      2.05     -12.3     -17.8     -9.01     -6.26     -20.7     -18.1     -8.43
     -15.4     -27.7     -20.3      3.09     -5.81     -13.7     -2.35      1.42
     -11.8     -8.94     -5.31     -2.31    -0.678     -10.1     -5.02      2.08
      4.81      7.37      5.65      3.41      4.49      5.55      4.59      4.06
      5.29      5.45      5.70      5.85      6.04      4.36      5.23      3.70
      4.75      5.43      5.07      4.74      3.82      4.37      4.81      4.33
      3.83      2.53      2.92
### Errors
      12.8      12.9      15.7      15.7      17.2      17.3      19.3      17.6
      18.9      23.5      21.9      23.3      20.1      20.2      23.4      20.1
      18.6      20.4      17.0      14.2      13.9      14.8      12.1      9.49
      9.16      6.45      4.07      2.91      2.40      2.45      2.14      1.96
      1.87      1.80      1.94      2.28      2.03      1.89      1.81      1.92
      1.88      1.77      1.71      1.72      1.73      1.70      1.72      1.72
      1.69      1.87      2.30
### Intensity (arb. unit)
      4.92    -0.841      3.27      11.3     0.498     -17.1     -10.9     -12.1
     -8.82     -11.5     -11.5      5.82     -9.08    -0.594      14.1      13.9
      12.8      7.06      4.96     -1.51     0.105     -4.46     -2.56      8.41
      9.11      5.51      4.80      4.63      4.54      4.58      5.54      4.75
      6.60      6.78      6.62      5.39      4.69      4.46      4.28      4.05
      5.04      6.54      5.04      5.76      5.96      5.27      5.08      5.25
      3.91      4.00      4.17
### Errors
      12.2      12.1      14.2      14.9      18.1      17.9      20.2      18.0
      19.2      23.1      21.1      21.8      19.2      19.2      21.7      18.9
      18.9      21.1      17.3      14.6      14.2      15.2      11.6      8.95
      8.51      6.18      3.90      2.81      2.41      2.64      2.19      2.01
      1.88      1.86      1.97      2.21      1.95      1.78      1.77      1.84
      1.77      1.67      1.81      1.73      1.67      1.70      1.75      1.78
      1.68      1.83      2.17
### Intensity (arb. unit)
     -4.49     -3.67      10.9      9.70     -3.51      2.57      11.5      2.20
     -7.52   -0.0947      13.1      29.6      17.6      16.5      23.2      19.4
      20.8      9.12      11.7      18.4      15.4      9.98      8.25      5.80
      7.35      5.83      6.18      5.80      6.16      8.08      5.55      5.22
      6.27      7.53      6.75      7.09      5.93      5.30      4.09      4.12
      5.92      5.88      5.29      5.55      4.59      4.18      5.49      5.62
      4.95      5.00      6.82
### Errors
      13.1      12.5      14.6      15.2      18.0      17.3      18.7      17.0
      18.0      21.1      20.7      23.0      19.8      19.5      22.6      19.3
      18.7      19.9      16.6      13.8      13.5      14.2      11.4      9.17
      8.85      6.31      4.02      2.90      2.36      2.40      2.13      1.90
      1.83      1.79      1.88      2.19      1.95      1.83      1.91      1.91
      1.76      1.72      1.78      1.72      1.68      1.67      1.64      1.67
      1.75      1.93      2.14
### Intensity (arb. unit)
      14.5      9.94      8.96      14.1      8.33      14.5      16.5      13.6
      19.0      18.5      19.1      23.5      22.1      24.5      34.0      29.6
      21.6      9.30      24.9      31.1      26.8      22.7      10.4      5.19
      8.55      7.88      7.56      6.76      7.08      7.90      6.18      6.62
      7.99      7.97      7.24      6.21      6.14      5.90      6.21      5.50
      5.45      7.13      5.13      5.59      5.36      6.50      5.89      4.92
      5.33      5.94      7.21
### Errors
      12.7      11.9      13.8      14.3      16.4      17.1      19.9      17.7
      18.4      21.9      20.9      22.9      19.1      18.8      21.3      18.4
      17.7      20.7      16.9      14.1      13.8      14.7      11.5      8.90
      8.47      6.10      3.81      2.73      2.33      2.52      2.21      1.96
      1.89      1.89      1.91      2.19      1.97      1.82      1.78      1.81
      1.83      1.80      1.91      1.81      1.82      1.74      1.66      1.71
      1.73      1.89      2.26
### Intensity (arb. unit)
      12.0      15.8      6.77      15.6      17.1      24.2      37.3      36.7
      39.2      38.2      26.5      20.2      23.8      40.3      37.3      33.3
      31.5      18.2      27.0      34.6      31.5      16.0      12.4      12.4
      10.8      10.1      10.2      8.52      8.55      6.57      6.65      7.37
      7.08      7.91      7.81      6.85      6.91      6.98      7.17      7.30
      7.12      7.34      6.24      6.57      6.60      7.03      6.04      5.31
      5.13      6.33      5.36
### Errors
      11.7      12.0      14.4      14.6      17.1      17.2      19.7      16.9
      17.6      20.6      19.8      21.3      19.4      19.3      22.3      18.8
      18.1      19.4      16.2      13.5      13.2      13.9      10.9      9.04
      9.00      6.29      3.91      2.84      2.41      2.69      2.24      1.93
      1.90      1.87      2.04      2.40      2.10      1.92      1.87      1.79
      1.78      1.76      1.78      1.75      1.72      1.69      1.86      1.92
      1.87      2.02      2.58
### Intensity (arb. unit)
      13.7      20.7      16.5      24.1      26.0      36.6      41.3      42.3
      46.6      49.5      42.3      33.0      41.7      50.8      47.5      48.2
      48.2      38.8      24.0      31.8      31.8      23.6      21.6      18.0
      11.7      11.4      11.4      9.37      9.77      7.76      7.16      8.32
      6.81      7.98      7.82      7.35      8.67      8.36      7.80      6.65
      7.16      8.19      8.01      6.44      7.62      6.92      5.17      6.46
      6.36      5.87      3.93
### Errors
      12.0      11.6      13.5      13.9      16.0      16.2      18.1      17.0
      17.9      21.2      20.0      22.0      18.6      18.4      20.9      18.0
      17.3      20.1      16.6      13.9      13.6      14.5      10.9      8.60
      8.44      6.06      3.78      2.69      2.43      2.81      2.33      1.99
      2.06      1.87      2.04      2.45      2.05      1.80      1.75      1.79
      1.83      1.82      1.79      1.81      1.74      1.76      1.82      1.79
      1.70      1.87      2.37
### Intensity (arb. unit)
      6.14      16.9      26.5      28.0      32.0      32.6      36.8      40.2
      57.6      48.8      53.2      64.7      55.0      51.9      48.1      49.5
      53.9      35.7      29.1      27.5      25.1      29.6      25.1      16.6
      7.97      9.06      9.62      9.93      8.54      8.64      8.43      8.16
      8.16      7.04      7.13      7.48      8.51      8.30      7.71      6.72
      6.49      7.83      7.46      6.05      7.50      5.85      6.64      7.19
      6.45      6.38      6.53
### Errors
      11.5      11.5      13.9      14.1      16.5      16.4      18.9      16.3
      17.0      19.9      19.2      20.4      18.1      18.7      21.8      18.4
      17.6      19.0      15.8      13.2      13.0      13.5      10.7      8.77
      8.69      6.12      3.96      2.70      2.36      2.56      2.16      1.92
      1.89      2.04      2.21      2.57      2.15      1.80      1.76      1.81
      1.79      1.67      1.66      1.81      1.87      1.93      1.89      1.77
      1.68      1.85      2.29
### Intensity (arb. unit)
      7.48      16.6      13.8      24.1      27.9      37.2      44.1      44.7
      36.7      29.5      48.7      57.0      56.6      51.7      43.2      41.1
      42.0      32.2      35.6      28.6      26.7      26.4      20.5      13.5
      4.68      5.45      9.14      9.47      9.48      8.43      8.62      8.66
      8.78      8.34      7.83      7.08      8.43      9.30      9.04      8.02
      6.87      7.42      8.00      6.67      7.14      7.76      8.27      7.55
      6.94      7.87      9.78
### Errors
      11.8      11.5      13.1      13.4      15.4      15.6      17.5      16.4
      17.3      20.7      19.3      21.0      17.4      17.5      20.1      17.2
      16.5      19.3      15.8      13.3      13.0      13.8      10.2      8.14
      8.00      5.81      3.65      2.75      2.39      2.59      2.23      1.89
      1.84      1.89      2.08      2.34      1.95      1.72      1.84      1.91
      1.87      1.77      1.68      1.78      1.83      1.73      1.68      1.73
      1.83      1.99      2.50
### Intensity (arb. unit)
      15.7      16.2      12.5      13.0      21.3      31.1      42.1      33.7
      25.2      15.3      44.3      48.4      46.6      43.0      47.6      41.8
      35.6      29.4      34.4      22.2      21.4      26.6      17.4      13.4
      7.60      6.78      8.01      9.43      9.22      9.42      8.13      7.32
      7.97      8.95      9.33      9.15      9.43      10.7      9.13      7.58
      7.06      8.12      9.18      8.73      7.56      7.00      7.11      7.01
      6.98      8.63      8.45
### Errors
      10.8      10.7      13.3      13.5      15.6      15.5      17.7      15.3
      16.2      19.1      17.9      18.9      17.3      17.5      20.2      17.1
      16.0      17.6      14.8      12.3      11.8      12.3      10.1      8.11
      7.96      5.73      3.50      2.50      2.30      2.47      2.12      1.97
      1.93      1.90      2.08      2.30      1.90      1.69      1.73      1.78
      1.75      1.75      1.78      1.88      1.90      1.81      1.74      1.73
      1.70      1.81      2.31
### Intensity (arb. unit)
      11.5      17.5      22.3      20.5      23.8      25.8      17.1      25.4
      23.2      25.8      35.9      45.3      35.6      33.2      42.3      40.1
      40.2      15.2      29.4      18.0      19.5      25.9      18.1      13.8
      8.67      6.80      7.17      6.77      6.43      7.96      7.42      6.52
      8.01      9.64      9.65      10.0      9.65      9.22      9.55      6.78
      7.46      8.27      8.88      8.79      8.37      5.76      5.14      7.06
      8.40      8.99      8.50
### Errors
      11.0      10.8      12.3      12.8      14.6      14.5      16.2      15.3
      16.4      19.5      18.0      18.3      16.3      16.6      18.8      15.9
      15.5      18.3      14.9      12.5      11.6      11.8      9.43      7.52
      7.13      5.16      3.51      2.64      2.43      2.65      2.15      1.96
      1.84      1.77      1.95      2.22      1.97      1.82      1.79      1.78
      1.72      1.72      1.70      1.71      1.75      2.01      2.03      1.87
      1.70      1.78      2.20
### Intensity (arb. unit)
      11.4      15.7      18.2      13.9      18.5      19.3      19.5      25.1
      28.0      31.7      39.6      36.7      19.9      24.7      28.0      31.1
      34.7      39.0      32.2      22.1      14.9      17.8      19.9      12.4
      6.36      7.80      8.41      6.10      5.63      4.92      6.15      6.62
      8.29      9.79      9.97      9.34      9.06      8.04      9.04      7.73
      7.98      8.22      8.22      7.48      7.97      7.25      6.81      8.44
      9.70      8.28      7.44
### Errors
      10.4      10.2      12.6      12.9      15.0      14.7      15.8      14.5
      15.5      18.0      17.2      19.3      16.8      16.8      19.4      15.8
      14.9      16.7      14.0      11.4      11.4      12.5      9.64      7.60
      6.99      5.01      3.25      2.48      2.24      2.49      2.26      2.09
      1.96      1.74      1.88      2.18      1.89      1.73      1.72      1.88
      1.90      1.85      1.75      1.72      1.71      1.77      1.77      1.72
      1.78      1.98      2.37
### Intensity (arb. unit)
      6.59      6.49      10.9      15.8      17.9      13.7      22.5      25.6
      19.5      31.8      27.5      27.2      31.4      27.2      30.2      27.2
      25.6      32.2      34.7      17.9      15.8      16.4      15.9      8.70
      2.67      7.99      9.51      7.81      5.55      7.00      6.37      6.88
      7.48      9.51      9.87      9.73      9.11      8.75      8.06      7.67
      7.66      8.10      7.97      6.63      7.35      6.70      7.10      7.85
      8.83      8.70      7.03
### Errors
      10.8      10.2      11.9      12.3      14.0      14.2      16.6      14.9
      15.7      18.4      17.0      18.1      16.0      15.7      17.6      15.3
      15.3      17.2      14.1      11.2      11.1      11.7      9.09      7.15
      7.51      5.30      3.31      2.45      2.24      2.40      2.08      1.85
      1.80      1.84      2.00      2.21      1.90      1.71      1.70      1.75
      1.77      1.74      1.85      1.84      1.88      1.76      1.71      1.66
      1.66      1.84      2.19
### Intensity (arb. unit)
      9.35      8.29      7.94      16.5      17.5      13.6      9.26      9.29
      17.7      16.3      18.5      31.9      29.2      25.1      20.3      26.2
      18.6      20.5      19.8      19.9      14.8      4.66      10.1      5.85
      8.74      7.45      7.39      6.70      5.69      4.58      5.56      6.69
      6.61      7.65      8.89      9.84      8.77      8.78      7.72      7.07
      7.25      9.26      9.38      8.63      7.17      7.58      7.11      7.51
      9.55      8.33      8.79
### Errors
      9.66      9.92      12.4      12.5      14.5      14.1      15.8      14.3
      14.6      17.0      16.7      18.8      16.3      16.1      17.5      15.1
      14.5      15.8      13.2      11.7      11.6      12.4      9.15      7.09
      6.87      4.99      3.17      2.45      2.40      2.75      2.18      1.80
      1.76      1.77      1.87      2.04      1.85      1.80      1.90      1.78
      1.73      1.68      1.67      1.68      1.77      1.84      1.85      1.73
      1.60      1.80      2.16
### Intensity (arb. unit)
      8.51      2.68      7.52      10.7      14.1      13.4      12.2      6.46
      13.3      18.0      23.0      24.1      22.1      2.24      11.3      16.4
      17.7      11.1      14.1      5.18      10.2      5.27      8.70      5.38
      9.12      6.65      4.57      3.88      3.95      5.41      6.03      8.22
      6.72      6.87      7.89      7.56      8.10      7.57      7.48      6.85
      8.32      9.15      8.75      8.01      8.37      8.45      7.28      7.86
      8.61      8.09      10.2
### Errors
      9.56      9.84      11.7      12.0      13.4      13.9      16.5      14.8
      14.7      16.9      16.4      17.8      15.5      15.5      18.9      16.1
      15.1      15.8      13.2      11.2      10.8      11.3      8.99      7.42
      7.23      5.01      3.24      2.52      2.25      2.38      2.08      1.90
      1.89      1.80      1.88      2.12      1.79      1.66      1.77      1.90
      1.81      1.73      1.67      1.68      1.64      1.67      1.73      1.73
      1.73      1.91      2.22
### Intensity (arb. unit)
      10.7      1.06      4.91      10.9      8.61      11.8      12.6      3.58
      7.25      37.2      30.4      15.7      7.72      9.56      4.01      9.39
      6.81      6.63    -0.573     -1.53      13.1      14.4      4.71      1.53
      3.96      4.56      2.52      3.45      4.44      4.87      5.45      6.31
      6.04      6.82      7.32      7.96      7.34      7.60      7.24      7.25
      7.92      7.21      7.63      8.23      8.86      8.52      7.86      7.93
      7.63      8.31      10.3
### Errors
      11.7      11.2      13.0      13.2      14.8      15.4      17.3      16.0
      16.5      18.9      17.8      19.4      16.6      17.1      19.8      17.2
      16.6      18.9      15.3      12.3      11.7      12.2      9.85      8.10
      7.67      5.56      3.64      2.75      2.41      2.60      2.28      2.04
      1.96      1.87      2.12      2.35      2.01      1.86      1.92      1.98
      1.83      1.84      1.91      1.84      1.81      1.87      1.89      1.85
      1.81      1.99      2.48
### Intensity (arb. unit)
      20.7      4.22      4.82      11.1      17.1      19.6      13.7    -0.477
      4.54      26.9      30.2      25.1      6.66      1.19     -15.0     -5.91
      18.2      19.5    -0.412      5.77      25.5      24.4      10.1    -0.997
      3.23      4.62      4.73      2.23      5.65      7.74      5.25      6.58
      7.10      7.63      8.45      7.17      5.63      7.75      8.03      4.95
      6.42      5.42      6.76      7.85      9.11      9.95      7.98      8.74
      8.04      7.48      6.76
### Errors
      14.4      12.6      13.4      14.8      19.9      20.1      23.0      20.8
      20.2      20.1      18.3      20.1      19.3      22.3      26.4      22.2
      21.4      23.6      16.9      13.1      14.9      16.4      13.0      10.8
      10.3      6.70      3.81      3.03      3.12      3.36      3.07      2.62
      2.43      1.99      2.06      2.51      2.69      2.58      2.60      2.76
      2.19      1.97      1.96      2.06      2.43      2.51      2.60      2.40
      2.05      2.13      2.45
