   41   51
### |Q| (\AA!U-1!N)
   0.51059   0.55018   0.60161   0.65176   0.69975   0.74806   0.79965   0.85102
   0.90037   0.94853   0.99916    1.0504    1.1001    1.1500    1.1997    1.2483
    1.2981    1.3496    1.4001    1.4503    1.5000    1.5500    1.5999    1.6499
    1.7001    1.7499    1.8002    1.8501    1.9002    1.9498    1.9999    2.0503
    2.1000    2.1500    2.2002    2.2501    2.3001    2.3500    2.4000    2.4499
    2.4875   0.00000
### E (meV)
  -0.49503  -0.44597  -0.39727  -0.34879  -0.30056  -0.25260  -0.20488  -0.15744
 -0.094564 -0.047685 -0.0010841  0.045297  0.091405   0.15252   0.19809   0.24339
   0.30344   0.34821   0.39272   0.45173   0.51032   0.55401   0.59745   0.65504
   0.69798   0.74073   0.79727   0.85348   0.90931   0.95094   0.99233    1.0472
    1.1017    1.1559    1.2096    1.2497    1.2896    1.3425    1.3950    1.4472
    1.4990    1.5504    1.6016    1.6524    1.7028    1.7529    1.8027    1.8522
    1.9013    1.9502    1.9866   0.00000
### Intensity (arb. unit)
     -6.29      5.99      14.1      11.4      5.98      8.76      21.3      18.9
      12.8      17.4      11.4      16.3      17.9      22.3      14.7      15.3
      20.7      12.5      9.97      8.85      9.62      13.9      11.1      3.54
    -0.588      1.17      1.76      1.00     0.504     0.480    -0.450     -1.20
     0.556    -0.223     0.572      2.52      1.34     0.736      1.72     0.871
     0.399      3.39      3.52      3.15      2.34     0.796     0.871    -0.864
   -0.0518     0.202      2.31
### Errors
      7.66      7.32      8.52      8.70      10.2      10.1      11.4      10.4
      11.4      13.6      12.9      13.9      12.1      12.2      14.1      12.0
      11.5      12.8      10.7      9.01      8.91      9.49      7.38      6.11
      6.20      4.56      3.24      2.72      2.64      2.93      2.59      2.32
      2.23      1.97      2.01      2.11      2.01      1.86      1.80      1.97
      2.03      1.85      1.75      1.86      1.96      1.93      1.89      1.85
      1.83      1.90      2.15
### Intensity (arb. unit)
      1.81      10.5      19.0      18.0      14.1      19.5      24.9      26.1
      24.0      27.4      24.8      23.6      32.2      37.5      30.9      24.7
      28.3      25.0      20.8      13.1      14.4      20.2      15.7      8.21
      9.58      5.73      2.40      1.84     0.691     0.495      1.04      2.39
      1.70      1.08      2.19      2.06     0.593     0.704     0.767     0.290
      1.96      2.00      2.73      2.29      1.22     0.484     0.975     0.673
     0.895      1.36     0.966
### Errors
      6.69      6.61      7.71      8.14      9.39      9.49      10.6      9.70
      10.4      12.2      11.7      12.6      11.0      11.0      12.5      10.8
      10.3      11.5      9.62      8.09      8.00      8.42      6.65      5.40
      5.35      3.97      2.73      2.22      2.14      2.39      2.03      1.79
      1.72      1.71      1.79      1.97      1.75      1.62      1.61      1.64
      1.60      1.54      1.46      1.48      1.54      1.55      1.52      1.49
      1.46      1.56      1.84
### Intensity (arb. unit)
      12.1      14.2      15.6      18.1      18.4      26.9      34.5      26.5
      32.0      46.2      38.4      44.7      56.6      45.3      35.9      43.8
      39.0      38.0      39.0      23.6      18.1      20.8      17.9      12.8
      13.4      9.14      4.69      1.97      2.14      3.08      2.33      2.91
      3.05      2.83      2.27      1.49      1.77     0.115     0.169      1.73
      1.84      2.61      1.39      1.25      1.86     0.233     0.728      2.02
      1.49      1.19      1.29
### Errors
      7.23      7.12      8.48      8.68      10.1      10.0      11.4      10.3
      10.9      12.9      12.2      13.2      11.5      11.5      13.1      11.2
      10.9      12.2      10.1      8.48      8.40      8.90      6.97      5.59
      5.44      4.01      2.67      2.04      1.89      1.99      1.71      1.54
      1.53      1.54      1.65      1.87      1.61      1.53      1.54      1.53
      1.53      1.48      1.44      1.42      1.43      1.43      1.39      1.37
      1.39      1.51      1.76
### Intensity (arb. unit)
      14.4      15.4      17.4      15.2      16.9      23.9      24.9      29.8
      34.3      44.6      42.3      43.3      49.5      43.9      32.5      38.8
      31.4      28.9      37.7      28.9      24.4      19.9      12.1      11.7
      5.25      4.99      4.79      1.60      2.47      2.94      2.72      3.13
      2.46      2.24      2.56      2.48      1.68      1.28      1.23      2.53
      2.27      3.03      1.54     0.686      1.00      1.32     0.555      1.67
      1.87      1.92     0.595
### Errors
      7.91      7.84      9.32      9.49      10.9      11.0      12.5      11.2
      11.9      14.0      13.3      14.3      12.5      12.7      14.8      12.7
      12.3      13.8      11.4      9.59      9.40      10.1      7.89      6.29
      6.18      4.49      2.93      2.24      1.93      2.07      1.81      1.63
      1.61      1.60      1.75      1.99      1.70      1.55      1.52      1.47
      1.50      1.49      1.45      1.45      1.46      1.41      1.42      1.40
      1.41      1.53      1.83
### Intensity (arb. unit)
      14.8      11.3      9.82      8.38      10.7      18.8      25.0      24.7
      18.3      28.4      28.6      38.0      39.8      32.8      19.2      29.0
      23.2      23.5      20.4      18.4      24.1      12.0      9.21      10.5
      8.29      6.52      4.52      1.27      2.63      3.03      2.28      2.68
      3.57      3.24      2.93      2.31      1.54      1.99      2.60      2.49
      2.62      2.81     0.970     0.352      1.25      2.21      2.29      1.65
      2.16      2.20      1.43
### Errors
      8.27      8.28      9.85      10.2      12.0      12.1      13.8      12.4
      13.1      15.5      14.7      15.9      13.7      13.7      16.0      13.6
      13.1      14.7      12.2      10.2      9.99      10.6      8.35      6.66
      6.44      4.70      3.07      2.28      1.96      2.13      1.82      1.64
      1.58      1.59      1.75      2.02      1.71      1.52      1.53      1.48
      1.48      1.49      1.47      1.49      1.48      1.41      1.43      1.47
      1.45      1.53      1.83
### Intensity (arb. unit)
      13.2      10.8      7.09      6.77      8.95      19.4      15.7      15.7
      23.7      13.1      22.8      22.1      25.8      25.5      30.3      31.6
      17.5      10.4      15.0      16.8      10.3      7.34      8.41      11.4
      13.2      8.53      5.28      3.92      3.92      3.75      3.13      2.59
      3.06      2.84      3.19      4.36      2.66      2.76      3.22      3.70
      3.04      1.72     0.933      1.16      1.68      2.89      3.69      2.28
      2.56      2.39      1.51
### Errors
      8.90      8.88      10.6      10.8      12.6      12.6      14.3      12.9
      13.6      16.2      15.4      16.6      14.2      14.2      16.2      13.9
      13.4      15.1      12.5      10.5      10.3      10.9      8.57      6.84
      6.63      4.81      3.09      2.19      1.82      1.85      1.66      1.48
      1.46      1.45      1.57      1.80      1.56      1.42      1.41      1.39
      1.41      1.39      1.42      1.37      1.35      1.37      1.38      1.34
      1.36      1.48      1.79
### Intensity (arb. unit)
      3.11      8.36     0.332      8.09      15.9      16.1      15.4      17.1
      30.6      27.2      15.8      16.6      24.9      34.6      36.2      25.7
      15.5      15.7      13.6      13.6      3.40      3.98      5.00      9.75
      15.3      6.84      4.78      3.70      3.90      3.68      3.41      3.05
      2.89      2.63      4.04      3.96      3.76      3.27      3.92      3.73
      3.12      2.12      2.31      2.96      2.90      2.65      2.95      2.56
      2.55      2.25      2.74
### Errors
      9.16      9.08      10.9      10.9      12.5      12.5      14.1      12.9
      13.6      16.1      15.4      16.6      14.7      14.9      17.2      14.7
      14.2      15.8      13.1      10.8      10.5      11.2      8.72      6.93
      6.79      4.89      3.15      2.15      1.74      1.88      1.61      1.41
      1.38      1.39      1.48      1.66      1.45      1.31      1.27      1.33
      1.33      1.30      1.29      1.28      1.27      1.29      1.31      1.30
      1.27      1.42      1.77
### Intensity (arb. unit)
      5.88      8.98      4.90      4.72      11.5      14.3      16.4      18.3
      22.9      20.5      24.6      20.0      26.7      25.4      23.9      11.5
      5.09      9.92      19.3      14.5      8.08      3.28      3.84      5.82
      8.74      6.92      3.43      2.80      2.86      2.16      3.58      4.11
      3.30      4.24      4.19      4.40      3.81      3.43      4.66      4.45
      3.57      3.38      3.94      3.12      2.49      2.96      2.83      2.39
      2.39      3.20      3.61
### Errors
      8.94      8.92      10.6      11.2      13.1      13.0      14.8      13.4
      14.2      16.8      15.8      17.1      14.8      14.8      17.1      14.5
      14.0      15.7      12.9      10.3      10.0      10.6      8.34      6.63
      6.37      4.66      2.99      2.15      1.85      2.01      1.67      1.47
      1.47      1.43      1.55      1.78      1.50      1.32      1.28      1.34
      1.39      1.36      1.31      1.29      1.27      1.31      1.32      1.30
      1.27      1.36      1.62
### Intensity (arb. unit)
      1.85      5.55      10.8      5.80      8.43      9.37      17.3      17.2
      14.4      20.7      14.9      7.57      8.67      15.6      9.02      9.93
      5.73      4.96      15.5      6.94     0.343      7.47      2.16      1.22
      4.79      4.03      4.45      1.55      2.24      3.21      3.36      3.25
      3.99      3.81      4.66      3.56      4.05      3.86      4.53      4.79
      3.62      3.76      3.27      2.83      3.04      3.11      3.13      2.61
      2.59      2.89      3.39
### Errors
      9.29      9.13      10.9      11.3      13.1      13.1      14.9      13.4
      14.0      16.5      15.2      16.4      14.0      13.8      15.7      13.6
      13.1      14.5      12.2      10.6      10.8      11.5      8.99      7.18
      7.00      5.03      3.19      2.28      1.93      2.00      1.71      1.54
      1.54      1.50      1.60      1.88      1.59      1.41      1.39      1.40
      1.39      1.38      1.35      1.36      1.34      1.37      1.36      1.35
      1.37      1.44      1.76
### Intensity (arb. unit)
      5.08      3.19      3.53      4.50     0.717      1.22     -8.25      7.18
      10.9      3.16      4.41     -4.48     -3.57      19.4      12.8      3.39
     -2.08      7.84      10.4      7.40      3.20      6.31      10.3      5.84
      3.43      4.50      3.75      2.60      3.08      3.54      3.52      3.72
      4.36      3.84      4.36      4.64      4.10      4.37      4.03      3.82
      3.95      4.28      4.05      3.65      3.02      2.82      4.01      2.77
      2.94      3.37      4.31
### Errors
      9.21      9.13      10.6      10.7      12.3      12.4      14.0      12.6
      13.0      15.2      14.8      15.9      14.2      14.7      17.0      14.5
      13.9      15.5      12.9      11.0      11.0      11.7      9.12      7.27
      7.14      5.14      3.31      2.28      1.83      1.88      1.61      1.49
      1.49      1.45      1.55      1.77      1.53      1.38      1.39      1.38
      1.34      1.33      1.31      1.30      1.31      1.34      1.30      1.29
      1.31      1.40      1.68
### Intensity (arb. unit)
      3.92      4.91      9.41      4.37     -7.18     -4.21     -4.29     -2.17
      7.36      4.86      7.33      4.46     -9.86      1.12      14.2      4.03
      3.81      6.48      4.32      6.04      5.98      3.61      6.00      1.63
     -2.86     -1.72      1.76      3.92      2.48      3.03      3.57      4.71
      4.83      5.02      3.89      4.55      4.18      4.61      3.90      4.08
      4.35      4.45      4.20      2.93      2.35      3.15      3.51      3.37
      3.56      3.23      3.56
### Errors
      8.66      8.73      10.7      10.5      12.0      12.1      13.6      12.4
      13.6      16.3      15.5      17.0      14.9      15.1      17.4      14.7
      13.9      15.6      13.0      10.8      10.4      11.0      8.62      6.87
      6.65      4.86      3.11      2.23      1.83      1.86      1.59      1.44
      1.41      1.40      1.52      1.72      1.49      1.35      1.33      1.31
      1.30      1.30      1.28      1.29      1.28      1.28      1.25      1.27
      1.27      1.35      1.63
### Intensity (arb. unit)
     -2.15     0.955      5.18      5.32      3.60     -1.15    -0.297      10.7
      9.72      5.37      7.19     -6.35     0.183     -1.77      2.22      9.85
      4.65     -4.36     -2.01      10.2     -1.02     -3.26      2.29     -2.30
     -3.54     -2.04      1.48      2.41      2.11      3.55      4.39      5.60
      5.79      3.84      3.22      3.58      4.48      4.17      4.86      4.11
      4.81      4.78      3.51      3.36      3.79      3.27      2.46      3.80
      3.32      2.93      2.88
### Errors
      8.35      8.40      10.1      10.9      12.8      12.8      14.5      13.0
      13.8      16.3      15.6      16.8      14.7      14.6      16.5      14.2
      13.9      15.7      13.0      10.8      10.1      10.6      8.30      6.61
      6.44      4.68      2.98      2.13      1.92      2.09      1.72      1.53
      1.47      1.45      1.59      1.81      1.55      1.41      1.41      1.37
      1.36      1.34      1.35      1.32      1.32      1.34      1.32      1.31
      1.30      1.43      1.76
### Intensity (arb. unit)
    -0.904    -0.366     -1.73      1.70      6.46    -0.240      7.21      11.0
      3.91      2.71      5.78    -0.934     -3.04      1.88     0.593      2.30
     -2.21     -12.6      1.19      3.89    -0.473    -0.582      2.28     0.752
      1.52     0.533      2.12      2.53      3.76      5.00      4.80      4.95
      4.76      4.62      4.68      4.57      4.89      4.60      4.29      4.23
      3.88      4.80      4.34      4.51      3.96      3.45      2.83      3.30
      3.59      4.01      4.64
### Errors
      8.76      8.73      10.5      10.9      12.7      12.8      14.5      13.2
      14.0      16.5      15.6      17.0      14.7      14.5      16.0      13.6
      13.2      14.8      12.4      10.4      10.4      11.1      8.72      6.94
      6.74      4.89      3.09      2.17      1.86      1.96      1.64      1.52
      1.51      1.49      1.59      1.87      1.59      1.41      1.43      1.42
      1.39      1.37      1.32      1.33      1.30      1.29      1.32      1.27
      1.24      1.40      1.75
### Intensity (arb. unit)
     -1.94    -0.659     -4.17     0.715      5.58      5.91      9.12      8.13
    -0.821     -7.45      4.81     -4.41     0.323      4.86      5.75     -4.33
     -6.57     0.382     0.923      7.73      7.27      8.98      12.9      7.45
      3.16      3.78      3.32      3.29      5.21      5.41      4.83      4.47
      4.74      5.71      5.72      4.90      5.16      5.15      5.12      4.14
      5.16      4.99      4.78      3.87      4.18      3.15      3.02      2.85
      3.88      3.97      3.44
### Errors
      9.33      9.33      11.2      11.2      12.9      12.8      14.6      13.1
      13.4      15.7      15.0      16.1      13.9      14.1      16.6      14.2
      13.7      15.3      12.7      10.8      11.0      11.8      9.09      7.13
      6.97      4.97      3.16      2.22      1.85      1.93      1.61      1.43
      1.40      1.42      1.51      1.75      1.51      1.36      1.36      1.34
      1.32      1.31      1.34      1.39      1.36      1.32      1.32      1.34
      1.29      1.39      1.70
### Intensity (arb. unit)
     0.598     -2.22     -3.13     -2.05    -0.996     0.430     -4.18      3.02
      2.74      2.91      3.24      3.93      1.93      10.9      10.6      6.01
      2.46      14.7      2.22      2.38      4.50      7.73      7.83      4.90
      1.46      2.34      2.70      4.17      4.83      4.85      4.31      4.92
      4.85      5.83      6.35      5.62      4.75      5.26      4.73      4.12
      5.42      5.39      4.89      4.51      3.56      4.26      3.51      2.99
      3.96      4.78      4.00
### Errors
      9.23      9.19      11.0      10.7      12.2      12.2      13.7      12.5
      13.6      16.2      15.3      16.6      14.9      15.2      17.6      14.9
      14.0      15.7      13.0      11.0      10.8      11.5      8.65      6.73
      6.53      4.72      2.99      2.14      1.78      1.88      1.63      1.42
      1.39      1.43      1.62      1.89      1.61      1.48      1.48      1.47
      1.41      1.37      1.36      1.39      1.41      1.36      1.36      1.40
      1.35      1.40      1.73
### Intensity (arb. unit)
     0.555      2.35     -1.31     -1.01    -0.484      7.24      11.8      5.77
      10.5      1.29    -0.371      2.94    -0.346      6.32      12.4      6.71
     -1.20    -0.242     0.740      1.28      4.01      3.00      6.25      5.86
      1.07     0.103      2.30      3.58      4.59      4.85      4.59      4.70
      5.03      5.58      6.64      5.44      5.60      5.51      4.83      5.24
      5.42      5.26      5.21      4.60      3.77      4.64      4.88      4.30
      5.01      3.96      3.67
### Errors
      8.95      8.96      10.5      11.2      13.1      13.5      15.4      13.9
      14.8      17.4      16.3      17.5      15.5      15.6      18.0      15.2
      14.9      16.5      14.0      11.6      11.5      12.0      9.72      7.88
      7.74      5.63      3.59      2.55      2.03      2.05      1.77      1.60
      1.58      1.61      1.78      2.03      1.80      1.61      1.63      1.64
      1.59      1.56      1.59      1.53      1.53      1.53      1.52      1.55
      1.56      1.71      2.09
### Intensity (arb. unit)
      2.88     0.563      1.10     -4.05     -4.58    -0.185      5.44     0.539
      9.16     0.893      1.12     0.424     -2.98      4.89      2.53     -9.36
     -12.0     -12.4     0.181      3.08      3.00      7.72      8.75      2.92
      4.57      2.89      1.99      4.00      4.34      7.43      5.77      4.03
      5.59      6.44      7.14      7.78      6.46      5.75      6.55      7.30
      6.77      5.67      5.68      4.79      4.50      5.70      6.03      6.64
      4.91      4.53      3.53
### Errors
      11.4      11.2      13.2      13.8      16.0      15.7      17.6      15.8
      16.6      19.6      18.5      19.8      17.5      17.7      20.3      18.6
      20.0      22.9      18.7      15.8      15.2      16.0      12.3      9.95
      9.77      6.99      4.49      3.14      2.52      2.59      2.23      2.04
      2.02      2.01      2.20      2.50      2.13      2.10      2.17      2.24
      2.16      2.03      2.06      1.95      1.94      2.00      1.96      2.01
      1.97      2.18      2.74
### Intensity (arb. unit)
      6.31     -4.79     -2.97     -8.54     -6.31     -3.20     -9.33     -1.08
      1.03     -2.02      8.39    -0.904      6.48      3.46     -19.8     -19.7
     -14.2     -8.86     -5.67      3.43      6.25      8.64      7.16     0.880
     -4.63    -0.793    -0.233      2.10      5.56      8.12      7.08      6.58
      6.16      6.32      7.69      8.56      5.72      5.68      6.72      8.40
      8.80      6.65      5.97      5.43      4.54      6.00      4.95      5.45
      5.08      4.95      4.32
### Errors
      13.5      13.1      15.7      16.1      18.7      17.7      19.9      17.9
      18.7      22.3      22.8      25.4      22.1      22.3      26.0      22.0
      21.3      24.0      19.8      16.7      16.2      16.1      12.7      10.2
      10.0      7.23      4.56      3.24      2.94      3.18      2.73      2.45
      2.43      2.34      2.49      2.75      2.32      2.30      2.26      2.32
      2.22      2.13      2.06      2.04      2.01      2.07      2.02      1.97
      1.98      2.15      2.60
### Intensity (arb. unit)
      2.73     -6.08     -6.87     -6.38     -9.61     -10.9     -11.1     -7.30
     -15.0     -17.9     -15.9      14.1      1.29     -11.7     -8.89     -13.3
      1.04     -1.79      5.35      4.14      9.52     -1.38     -3.19     -6.20
     -4.11     0.809      3.24      4.92      6.89      7.38      9.85      9.35
      8.29      8.42      8.75      9.05      6.67      6.79      8.32      8.95
      7.67      7.19      6.10      5.68      4.86      5.94      5.25      3.16
      5.00      5.01      2.64
### Errors
      12.9      13.0      15.3      15.9      18.4      19.8      22.9      20.5
      21.2      24.9      23.9      26.1      22.8      23.0      26.6      21.8
      20.3      22.4      18.8      15.7      15.7      17.7      13.9      11.2
      10.9      7.78      4.90      3.52      3.09      3.30      2.71      2.38
      2.30      2.23      2.45      2.75      2.35      2.14      2.12      2.19
      2.13      2.14      2.28      2.16      2.09      2.11      2.13      2.19
      2.08      2.22      2.54
### Intensity (arb. unit)
      6.97     -3.75     -24.6     -8.98     -4.62     -4.85     -3.47     -15.9
     -33.8     -45.7     -21.4      10.7      2.26      8.63      1.84     -4.70
      9.32      26.9      11.3     -4.23     -1.93      4.06     -7.91     -4.13
      5.27      7.01      6.02      7.09      7.43      9.26      10.8      12.1
      9.97      9.03      8.74      9.38      9.05      8.96      9.01      7.93
      7.60      8.21      7.71      6.38      5.55      5.76      4.86      4.10
      4.44      4.53      3.52
### Errors
      14.0      14.0      17.0      17.0      19.6      19.9      23.0      20.7
      21.6      24.1      23.0      24.5      21.6      21.7      24.8      21.9
      22.0      24.6      20.2      16.7      16.4      17.8      14.1      11.2
      10.8      7.51      4.73      3.37      2.84      2.81      2.45      2.29
      2.40      2.47      2.67      2.95      2.55      2.30      2.26      2.29
      2.24      2.19      2.20      2.05      1.96      1.95      2.05      2.08
      1.99      2.10      2.49
### Intensity (arb. unit)
     -13.0     -10.1     -16.3     -7.19     -8.65     -9.32     -19.1     -16.4
     -21.4     -30.2     -12.4     -18.4     -9.37    -0.985     -1.13     -7.53
      11.7      24.7      6.91     -5.50     -12.7     -16.6     -2.85     0.621
      5.93      9.81      7.63      5.49      10.2      10.1      10.8      12.7
      11.8      9.28      10.8      12.2      11.1      10.3      8.53      8.55
      9.36      8.60      7.33      6.86      6.20      5.69      5.10      5.74
      4.24      5.11      7.34
### Errors
      14.6      14.3      17.1      17.4      19.0      19.1      21.5      19.6
      21.2      26.4      25.1      27.1      23.2      22.9      26.5      22.7
      22.3      24.9      19.9      16.2      15.9      16.9      13.3      10.5
      10.1      7.72      5.02      3.50      2.88      2.83      2.57      2.52
      2.54      2.58      2.60      2.84      2.51      2.26      2.19      2.18
      2.17      2.14      2.12      2.13      2.08      2.11      2.11      2.07
      2.03      2.18      2.61
### Intensity (arb. unit)
     -5.64     -9.38     -4.77      12.3      12.3     -16.9     -32.2     -16.0
     -13.2     -17.9     -33.7     -20.7     -18.6     -20.8     -9.06     -8.63
      2.72      4.24     0.768     -8.15     -19.8     -16.8    -0.903      4.76
      6.27      11.3      10.7      8.41      11.0      11.8      11.1      12.4
      11.6      11.5      12.0      12.3      12.3      11.4      8.62      9.96
      11.3      9.84      8.38      7.28      6.45      5.85      5.50      5.77
      5.31      5.28      6.68
### Errors
      13.6      13.7      16.1      17.0      20.8      20.8      23.6      20.9
      22.1      26.8      25.4      27.4      23.0      22.3      25.3      21.8
      21.0      23.3      19.9      17.5      17.0      17.9      13.9      11.0
      10.8      7.77      5.03      3.46      2.88      2.97      2.66      2.50
      2.46      2.44      2.71      3.03      2.60      2.44      2.32      2.23
      2.30      2.29      2.20      2.08      2.09      2.06      2.09      2.04
      2.04      2.21      2.55
### Intensity (arb. unit)
     -11.4     -11.5    -0.177      8.74      16.8     -10.7     -37.6     -28.1
     -16.5     -21.1     -24.9     -17.6     -14.3     -21.4     -32.0     -9.75
     -13.2     -17.8     -19.9     -16.4     -7.83   -0.0235     0.904      5.78
      3.64      7.47      8.55      11.7      14.1      12.5      12.4      11.2
      12.8      12.4      11.6      11.1      11.0      10.7      9.07      8.40
      9.56      9.04      8.72      7.25      5.51      4.36      4.91      5.52
      4.97      4.35      3.05
### Errors
      14.7      14.4      17.3      17.6      20.8      20.9      23.8      20.4
      21.1      24.8      23.9      25.6      23.0      24.1      27.7      23.2
      21.9      24.7      20.6      17.6      16.7      17.0      13.4      10.7
      10.3      7.51      4.82      3.64      3.11      3.34      2.86      2.67
      2.65      2.63      2.80      2.98      2.58      2.29      2.29      2.23
      2.25      2.22      2.15      2.25      2.19      2.23      2.27      2.25
      2.10      2.21      2.61
### Intensity (arb. unit)
     -21.4     -14.0     -2.44    -0.249     -5.89     -11.6     -8.04     -23.4
     -19.9     -8.15     -19.1     -38.2     -18.3     -32.4     -40.9     -24.9
     -24.9     -22.1     -15.0     -23.1     -13.0     -2.66      5.13      13.1
      11.4      8.41      11.2      13.0      15.2      15.0      16.7      16.2
      13.6      13.5      12.5      9.94      10.2      10.5      10.5      9.47
      8.70      8.24      7.50      5.67      5.44      6.80      7.72      6.87
      5.28      4.46      4.98
### Errors
      14.8      14.2      16.3      17.0      19.4      19.7      22.4      21.4
      22.4      26.2      24.7      27.2      23.8      24.2      27.9      22.5
      21.3      23.6      19.7      16.6      16.8      18.3      14.1      11.0
      10.9      7.79      4.96      3.70      3.15      3.31      2.80      2.54
      2.55      2.50      2.69      3.24      2.72      2.37      2.36      2.39
      2.39      2.30      2.23      2.17      2.19      2.19      2.23      2.12
      2.01      2.11      2.48
### Intensity (arb. unit)
     -7.43     -11.0     -5.89     -17.2     -32.9     -16.4      5.07     -11.8
     -29.7     -18.4     -26.6     -28.4     -21.1     -20.7     -29.2     -28.7
     -24.3     -5.32     -10.3     -8.91     -7.58      3.55      2.82      8.33
      13.5      14.0      15.6      18.2      18.8      16.9      17.8      19.0
      17.0      14.8      15.0      13.0      12.0      13.7      12.7      9.60
      8.69      9.10      6.05      4.85      6.25      8.76      8.10      6.58
      7.15      6.26      6.30
### Errors
      13.8      14.3      17.6      17.9      20.6      20.3      23.3      21.3
      22.4      24.9      23.8      25.5      22.4      22.4      25.7      23.1
      22.1      24.6      20.3      17.1      17.0      18.2      13.6      10.5
      10.1      7.40      4.78      3.56      3.28      3.50      3.02      2.75
      2.67      2.66      2.70      2.92      2.62      2.36      2.29      2.26
      2.23      2.18      2.21      2.24      2.25      2.31      2.31      2.09
      2.06      2.23      2.66
### Intensity (arb. unit)
     -5.73     -10.3     -4.90     -4.45     -21.8     -21.8     -13.1     -14.4
     -32.2     -45.9     -38.5    0.0229     -6.67     -14.9     -3.99      5.67
     -6.04     -12.7     -11.5    -0.983      10.2     -2.21      4.63      7.81
      15.1      19.0      18.6      19.5      19.4      20.5      19.7      18.4
      19.2      16.4      14.4      13.4      13.6      12.6      11.2      8.82
      9.22      9.98      8.03      7.54      6.56      8.22      7.10      6.66
      6.31      6.09      6.19
### Errors
      14.5      14.6      17.8      17.8      19.3      19.5      21.9      19.9
      21.3      26.4      24.7      26.4      22.7      22.8      26.4      22.7
      21.0      23.0      19.2      16.1      15.8      16.7      13.7      10.8
      10.5      7.48      4.86      3.68      3.23      3.40      2.98      2.70
      2.62      2.48      2.61      3.03      2.69      2.49      2.36      2.41
      2.37      2.27      2.13      2.13      2.14      2.16      2.13      2.11
      2.07      2.32      2.85
### Intensity (arb. unit)
     -3.74     -9.67     -3.69      3.87     -5.02     -18.9     -19.9     -18.8
     -20.3     -32.2     -28.4     -2.07     -5.19      6.07      10.4      20.1
      19.6     -14.3     -3.23     -4.31      7.04      9.64      11.0      19.6
      21.7      22.0      19.9      19.5      20.1      21.4      21.8      19.8
      20.5      18.5      17.0      15.7      13.5      11.8      10.8      9.35
      10.6      11.2      8.83      8.81      10.5      9.86      8.35      8.04
      7.92      7.23      8.02
### Errors
      13.7      13.7      16.1      16.9      20.4      20.2      22.7      20.3
      21.7      26.0      23.8      24.7      21.7      21.7      24.6      21.4
      21.4      23.8      19.5      16.5      16.1      17.3      13.2      10.3
      9.82      7.21      4.68      3.54      3.25      3.69      3.11      2.81
      2.69      2.61      2.75      3.05      2.64      2.34      2.30      2.32
      2.26      2.16      2.28      2.19      2.20      2.22      2.21      2.22
      2.12      2.29      2.76
### Intensity (arb. unit)
     -12.2     -10.3    -0.193     -2.01     -2.12     0.429      15.4      3.88
     -5.94     -11.0     0.526      26.3      8.21      5.69      13.2      16.3
      24.4     -3.06      10.8      14.9      25.5      23.0      20.2      22.9
      27.4      26.2      26.0      23.2      23.5      26.6      24.0      21.2
      21.4      21.1      19.7      19.6      15.5      13.4      10.8      10.8
      11.7      11.4      8.57      9.58      9.63      9.73      9.96      9.85
      8.64      8.19      8.26
### Errors
      14.7      14.1      16.5      17.1      20.4      19.5      21.2      19.3
      20.4      23.8      23.4      26.1      22.4      22.1      25.5      21.9
      21.2      22.5      18.7      15.6      15.3      16.2      13.0      10.5
      10.3      7.42      4.91      3.72      3.28      3.53      3.10      2.71
      2.64      2.56      2.71      3.23      2.72      2.45      2.47      2.47
      2.28      2.22      2.22      2.19      2.18      2.17      2.11      2.13
      2.21      2.41      2.68
### Intensity (arb. unit)
      7.16      5.54      8.05      10.8      12.3      23.7      28.6      13.4
      12.5      11.8      11.6      22.5      13.3      14.7      29.7      31.9
      17.3      12.3      34.5      39.5      37.3      32.5      22.7      28.3
      31.7      33.1      32.4      28.6      29.2      30.4      27.8      23.9
      23.9      22.7      21.0      20.4      16.4      13.4      13.5      11.7
      12.1      12.3      9.12      10.6      10.1      10.3      10.1      9.34
      9.85      9.27      8.88
### Errors
      14.3      13.4      15.6      16.2      18.6      19.4      22.7      20.1
      20.8      24.8      23.7      26.0      21.6      21.3      24.2      20.8
      20.1      23.4      19.2      16.1      15.7      16.7      13.2      10.3
      9.86      7.22      4.74      3.60      3.37      3.86      3.31      2.86
      2.77      2.73      2.78      3.21      2.74      2.40      2.36      2.34
      2.38      2.35      2.39      2.34      2.34      2.23      2.13      2.17
      2.21      2.38      2.81
### Intensity (arb. unit)
      8.26      13.6      10.4      11.7      20.9      28.4      40.7      34.5
      31.0      30.2      25.7      25.2      19.2      45.8      38.5      46.1
      45.7      36.2      43.8      50.6      50.6      35.8      31.6      30.7
      26.1      34.4      33.6      31.4      31.4      27.9      25.9      24.3
      24.3      22.5      22.5      21.6      16.6      14.9      14.8      14.0
      12.5      12.4      11.7      11.2      11.2      10.0      8.85      10.1
      9.94      10.4      9.75
### Errors
      13.2      13.6      16.4      16.5      19.4      19.6      22.4      19.2
      19.9      23.3      22.4      24.1      22.0      21.9      25.3      21.4
      20.6      22.1      18.4      15.4      15.1      16.0      12.5      10.4
      10.4      7.44      4.88      3.79      3.45      3.85      3.24      2.79
      2.75      2.66      2.98      3.51      2.89      2.56      2.49      2.36
      2.31      2.29      2.30      2.25      2.21      2.14      2.31      2.44
      2.39      2.59      3.27
### Intensity (arb. unit)
      12.1      18.5      15.9      24.0      23.5      36.0      51.3      58.1
      46.0      55.5      52.9      50.9      49.6      64.1      52.3      51.9
      56.6      48.7      44.6      57.9      60.9      50.2      39.5      36.8
      34.9      36.0      35.6      34.4      33.5      30.2      28.8      27.9
      25.4      24.5      22.6      20.0      18.4      17.4      17.1      15.3
      14.1      15.2      13.9      11.3      10.9      10.7      9.99      11.0
      10.9      10.9      10.7
### Errors
      13.7      13.2      15.3      15.8      18.1      18.4      20.6      19.3
      20.4      24.1      22.8      25.1      21.2      20.9      23.8      20.5
      19.6      22.9      18.9      15.9      15.6      16.7      12.6      9.95
      9.86      7.21      4.72      3.63      3.55      4.07      3.41      2.97
      2.97      2.71      2.93      3.39      2.81      2.45      2.39      2.41
      2.44      2.45      2.37      2.32      2.21      2.24      2.32      2.29
      2.19      2.43      3.08
### Intensity (arb. unit)
      11.9      21.1      32.8      37.1      38.9      41.6      36.6      52.7
      65.6      70.4      78.2      79.4      73.2      66.1      71.4      58.8
      59.9      43.4      57.2      60.7      54.9      57.5      49.4      37.8
      38.0      37.4      33.4      34.2      33.7      33.3      32.7      30.6
      28.4      25.9      24.6      20.8      19.6      19.9      17.2      14.0
      13.7      15.1      14.4      11.1      11.6      12.1      11.7      11.2
      11.3      10.8      11.7
### Errors
      13.1      13.0      15.9      16.1      18.8      18.7      21.4      18.5
      19.4      22.7      21.9      23.3      20.6      21.3      24.9      21.0
      20.1      21.6      18.1      15.1      14.9      15.6      12.4      10.2
      10.3      7.35      4.93      3.64      3.48      3.86      3.29      2.89
      2.80      2.96      3.18      3.56      2.96      2.53      2.41      2.39
      2.38      2.27      2.24      2.32      2.40      2.51      2.44      2.29
      2.19      2.39      2.98
### Intensity (arb. unit)
      12.0      21.1      19.2      37.9      53.5      49.0      44.1      47.6
      54.5      48.2      71.2      72.7      71.4      79.6      68.9      67.2
      55.6      48.0      71.1      58.2      53.4      56.6      47.6      38.9
      31.7      30.0      31.2      32.7      34.8      33.7      32.8      32.7
      31.9      28.5      27.2      25.1      24.1      22.8      19.0      16.5
      15.8      14.9      15.1      12.4      12.0      13.8      12.9      10.9
      11.1      10.5      12.1
### Errors
      13.4      13.1      14.8      15.3      17.6      17.8      19.9      18.6
      19.7      23.5      22.0      24.0      19.8      20.0      23.0      19.7
      18.7      22.0      18.1      15.2      14.9      15.9      11.8      9.49
      9.41      6.92      4.55      3.72      3.58      4.01      3.40      2.93
      2.84      2.83      3.09      3.46      2.86      2.52      2.56      2.58
      2.55      2.38      2.27      2.32      2.35      2.29      2.19      2.20
      2.35      2.51      3.17
### Intensity (arb. unit)
      14.4      20.8      15.0      20.2      42.0      43.4      47.2      49.9
      43.9      40.6      55.9      47.7      60.6      75.3      78.7      60.6
      59.5      61.6      69.8      44.0      39.5      45.2      38.8      35.8
      34.5      29.5      28.1      32.6      30.3      30.6      30.2      30.5
      29.2      28.7      26.5      26.6      26.3      26.2      22.6      19.5
      18.1      18.1      17.6      14.8      13.1      13.3      12.9      11.8
      11.3      13.1      11.1
### Errors
      12.2      12.2      15.1      15.3      17.9      17.7      20.1      17.5
      18.5      21.7      20.4      21.5      19.7      20.0      23.1      19.5
      18.2      20.2      16.9      14.1      13.6      14.1      11.6      9.45
      9.43      6.85      4.35      3.43      3.35      3.70      3.18      2.96
      2.94      2.90      3.11      3.52      2.89      2.56      2.53      2.50
      2.44      2.45      2.49      2.49      2.47      2.37      2.28      2.24
      2.20      2.36      2.91
### Intensity (arb. unit)
      11.8      21.2      25.5      24.3      36.7      38.1      33.7      43.7
      33.6      41.4      48.2      51.5      52.8      60.3      60.2      60.3
      66.5      37.9      48.0      27.8      32.1      35.4      34.2      34.8
      31.0      24.8      25.8      27.4      26.3      28.0      27.4      26.0
      27.7      28.1      26.2      27.5      28.2      24.9      26.0      21.5
      19.5      19.5      18.4      17.0      15.9      14.6      12.3      13.3
      13.7      15.6      13.8
### Errors
      12.5      12.3      14.0      14.5      16.6      16.6      18.5      17.5
      18.7      22.2      20.4      20.9      18.5      18.9      21.4      18.2
      17.7      20.8      17.0      14.2      13.2      13.5      10.8      8.76
      8.41      6.14      4.37      3.54      3.44      3.86      3.13      2.83
      2.76      2.68      2.89      3.35      3.05      2.74      2.75      2.59
      2.46      2.45      2.38      2.34      2.36      2.67      2.63      2.47
      2.26      2.43      2.93
### Intensity (arb. unit)
      5.43      18.4      15.7      19.6      24.6      27.8      30.4      32.9
      39.3      42.8      46.1      46.8      41.0      50.7      44.3      51.6
      52.2      42.3      37.7      31.8      22.2      25.2      32.0      28.3
      23.3      21.6      23.1      22.6      22.2      24.0      25.0      23.6
      26.1      26.9      26.5      26.9      26.5      25.4      24.7      25.2
      21.5      21.1      19.4      18.5      19.0      16.7      15.3      15.6
      15.8      15.2      15.2
### Errors
      11.7      11.6      14.3      14.7      17.1      16.7      18.0      16.5
      17.6      20.5      19.5      21.9      19.1      19.1      22.0      18.0
      17.0      19.0      15.9      13.0      13.0      14.2      11.1      8.81
      8.16      5.91      4.01      3.25      3.10      3.55      3.23      2.95
      2.88      2.62      2.83      3.30      2.87      2.60      2.58      2.83
      2.74      2.68      2.48      2.43      2.42      2.42      2.38      2.33
      2.41      2.69      3.27
### Intensity (arb. unit)
    0.0978      11.1      14.0      26.6      27.6      22.3      31.3      34.0
      31.8      44.1      39.7      38.4      40.3      45.5      42.4      41.2
      33.4      39.4      38.8      25.7      22.6      22.2      25.6      23.0
      17.3      21.1      21.5      19.8      17.5      21.1      22.4      23.0
      23.5      26.0      25.5      26.1      25.6      24.3      25.0      25.8
      21.7      20.9      20.6      20.1      19.2      18.5      18.4      16.8
      16.7      15.3      16.1
### Errors
      12.1      11.6      13.5      14.0      16.0      16.1      19.0      16.9
      17.9      21.0      19.3      20.6      18.1      17.9      20.0      17.4
      17.4      19.6      16.0      12.8      12.6      13.3      10.4      8.26
      8.72      6.24      4.06      3.14      2.96      3.32      2.94      2.65
      2.62      2.77      3.01      3.42      2.88      2.54      2.57      2.64
      2.55      2.51      2.67      2.68      2.66      2.49      2.42      2.31
      2.29      2.50      3.08
### Intensity (arb. unit)
      12.0      15.3      10.4      18.5      30.3      32.6      25.8      22.6
      28.5      27.0      26.0      31.2      29.8      37.2      47.8      30.8
      21.0      22.5      23.9      27.9      21.7      11.4      20.4      14.7
      14.3      15.7      15.2      14.9      14.7      15.6      18.1      18.6
      20.4      21.2      22.5      23.5      23.2      22.8      23.4      22.4
      20.2      20.6      20.7      20.2      19.4      20.4      17.8      18.8
      19.9      18.0      17.0
### Errors
      11.0      11.3      14.0      14.2      16.6      16.1      18.0      16.3
      16.6      19.3      18.9      21.4      18.6      18.4      20.0      17.1
      16.4      18.0      15.0      13.4      13.2      14.1      10.4      8.13
      7.90      5.81      3.79      3.05      3.09      3.60      2.96      2.48
      2.49      2.52      2.73      3.06      2.76      2.66      2.79      2.59
      2.47      2.39      2.40      2.42      2.52      2.67      2.60      2.49
      2.33      2.53      2.99
### Intensity (arb. unit)
      20.5      10.8      9.15      10.8      22.7      30.8      31.8      19.4
      20.4      22.7      27.1      20.9      19.9      17.4      20.3      16.3
      15.2      13.0      23.7      11.6      9.60      12.3      19.6      12.9
      12.2      10.5      8.02      10.1      11.7      11.9      14.9      16.5
      17.3      18.0      18.4      17.1      19.0      19.1      19.2      19.4
      20.4      20.8      19.7      17.6      18.9      19.1      17.5      18.3
      19.8      18.8      20.4
### Errors
      11.0      11.2      13.3      13.6      15.2      15.8      18.9      16.8
      16.7      19.2      18.6      20.2      17.5      17.6      21.5      18.2
      17.1      18.0      15.0      12.7      12.3      12.8      10.3      8.49
      8.28      5.77      3.77      3.03      2.83      3.02      2.71      2.54
      2.58      2.49      2.61      2.91      2.54      2.37      2.49      2.68
      2.61      2.49      2.39      2.33      2.33      2.38      2.42      2.46
      2.53      2.73      3.21
### Intensity (arb. unit)
      24.9      9.48     0.437      14.3      16.1      20.5      24.4      9.55
      1.37      31.6      27.9      16.7      16.0      24.4      17.7      12.5
      7.91      19.7      17.4      12.3      19.3      24.0      18.7      11.0
      7.14      9.46      6.32      9.79      10.8      10.0      12.5      13.8
      15.6      16.1      15.8      17.3      16.7      16.6      16.7      17.6
      20.7      20.1      19.1      17.5      18.4      17.4      18.2      16.8
      16.8      17.7      20.3
### Errors
      13.4      12.8      14.7      14.9      16.8      17.5      19.7      18.2
      18.6      21.5      20.2      22.0      18.8      19.4      22.5      19.6
      18.9      21.5      17.4      14.0      13.3      14.0      11.3      9.25
      8.77      6.41      4.22      3.32      3.02      3.27      2.92      2.65
      2.62      2.54      2.86      3.28      2.78      2.54      2.62      2.70
      2.63      2.65      2.71      2.57      2.56      2.59      2.64      2.57
      2.51      2.82      3.60
### Intensity (arb. unit)
      36.1      14.1      4.96      17.9      14.3      20.4      23.4      7.72
     -3.66      19.0      33.2      22.1      19.5      24.5      29.5      15.8
      16.2      4.83      7.51      22.1      37.7      47.5      26.8     -1.23
      8.57      9.83      8.71      7.10      10.3      13.3      10.2      11.7
      13.1      14.7      15.8      16.7      14.9      15.3      15.2      13.5
      17.1      15.9      16.3      18.1      16.9      16.5      15.5      15.8
      14.9      15.9      15.7
### Errors
      16.7      14.4      15.2      16.7      22.5      22.9      26.2      23.6
      22.9      22.7      20.8      22.8      21.9      25.4      30.2      25.3
      24.2      26.5      19.1      15.0      17.2      19.1      15.0      12.2
      11.8      7.74      4.43      3.59      3.91      4.43      3.86      3.34
      3.16      2.66      2.82      3.49      3.63      3.46      3.47      3.58
      3.03      2.74      2.73      2.98      3.34      3.41      3.50      3.28
      2.77      2.93      3.48
