-3.002420562905342205e+00
-3.001186571794236091e+00
-2.999980906952737225e+00
-2.998803732049907023e+00
-2.997655080015518170e+00
-2.996534683887170925e+00
-2.995442897902060864e+00
-2.994379192043644444e+00
-2.993344212193140397e+00
-2.992337386034388036e+00
-2.991358510899344569e+00
-2.990408291240084449e+00
-2.989485677217083026e+00
-2.988591778480090166e+00
-2.987725703745645500e+00
-2.986887741308879018e+00
-2.986077854978428814e+00
-2.985296285639055913e+00
-2.984542480033251177e+00
-2.983816433652819899e+00
-2.983118581212941489e+00
-2.982448703315927929e+00
-2.981806803486441115e+00
-2.981192386749464074e+00
-2.980606184660076874e+00
-2.980047723719569053e+00
-2.979517095907502355e+00
-2.979014330155727475e+00
-2.978539444837629890e+00
-2.978091833565283064e+00
-2.977672578432769779e+00
-2.977280644587160463e+00
-2.976916621807612628e+00
-2.976580538789916908e+00
-2.976271829566911720e+00
-2.975990909990862576e+00
-2.975737525604229106e+00
-2.975512004086608542e+00
-2.975313927708281625e+00
-2.975143135189382448e+00
-2.975000709185296799e+00
-2.974885776865399567e+00
-2.974798188372394847e+00
-2.974738542943073050e+00
-2.974706172911647073e+00
-2.974701269999270536e+00
-2.974724374531605875e+00
-2.974774991791735879e+00
-2.974852743757593565e+00
-2.974958573860215338e+00
-2.975091803615492303e+00
-2.975252758573917689e+00
-2.975441175458211518e+00
-2.975657265665798690e+00
-2.975900973008285710e+00
-2.976172112817256910e+00
-2.976471124745373231e+00
-2.976797237789230444e+00
-2.977151376923338422e+00
-2.977533003324261962e+00
-2.977942162386183256e+00
-2.978379104650721310e+00
-2.978843716246276863e+00
-2.979336190145639662e+00
-2.979855963535696262e+00
-2.980403483354802319e+00
-2.980978843072616957e+00
-2.981581861062747141e+00
-2.982212140440261283e+00
-2.982871048296718453e+00
-2.983557113894169444e+00
-2.984270963905887530e+00
-2.985012800318780801e+00
-2.985782567252300179e+00
-2.986579863631994680e+00
-2.987404663263760529e+00
-2.988257758251017915e+00
-2.989138902377928009e+00
-2.990047833020858192e+00
-2.990984346670908511e+00
-2.991948676466496426e+00
-2.992941577980244183e+00
-2.993962105178956001e+00
-2.995011030258498685e+00
-2.996087942804480875e+00
-2.997192920459268883e+00
-2.998325682935110592e+00
-2.999486565036775687e+00
-3.000676003966558980e+00
-3.001893429937690705e+00
-3.003139206031741004e+00
-3.004413139886350947e+00
-3.005715468166112458e+00
-3.007045949949995745e+00
-3.008405158530839785e+00
-3.009792743418360672e+00
-3.011208703413338128e+00
-3.012653244664377006e+00
-3.014125866662127340e+00
-3.015627450799816422e+00
-3.017157471388877799e+00
-3.018716277329396291e+00
-3.020303739527093967e+00
-3.021919944707190275e+00
-3.023565178961572286e+00
-3.025238926099925951e+00
-3.026941751481644349e+00
-3.028673520093701832e+00
-3.030434190586464460e+00
-3.032224007148232481e+00
-3.034042610635116155e+00
-3.035890565128085417e+00
-3.037767551882294192e+00
-3.039673694217773559e+00
-3.041609595014847400e+00
-3.043574426691860957e+00
-3.045568678066794988e+00
-3.047592570613659735e+00
-3.049646343719313979e+00
-3.051728910905139092e+00
-3.053841289756013655e+00
-3.055983463036758607e+00
-3.058155519005227418e+00
-3.060357667295668271e+00
-3.062589244151219248e+00
-3.064850559278321285e+00
-3.067142466546789237e+00
-3.069464144074507850e+00
-3.071816068371622244e+00
-3.074198382475038738e+00
-3.076610669525984498e+00
-3.079053404610990086e+00
-3.081526864968796353e+00
-3.084030786244931654e+00
-3.086565015949346069e+00
-3.089129828985342385e+00
-3.091725462835293037e+00
-3.094352210885427112e+00
-3.097009489604933385e+00
-3.099697616039298165e+00
-3.102417418654972003e+00
-3.105167727779849507e+00
-3.107949360315594767e+00
-3.110762582370066198e+00
-3.113606901065701038e+00
-3.116482749075857761e+00
-3.119390167413336190e+00
-3.122329114019612550e+00
-3.125300007324716578e+00
-3.128302484708077369e+00
-3.131337037638874499e+00
-3.134403598970565863e+00
-3.137501939202712808e+00
-3.140632805761141011e+00
-3.143795897414728646e+00
-3.146991604247221019e+00
-3.150219300066466666e+00
-3.153479835165472700e+00
-3.156773049816514742e+00
-3.160098781351575514e+00
-3.163457872130010617e+00
-3.166849651476492333e+00
-3.170274739156720756e+00
-3.173732473431616352e+00
-3.177224273748413097e+00
-3.180749052079758776e+00
-3.184307702574295185e+00
-3.187899374526362184e+00
-3.191525249900236005e+00
-3.195184818401376692e+00
-3.198878442197429894e+00
-3.202606049319211667e+00
-3.206368157079642067e+00
-3.210164623776138981e+00
-3.213994707084568248e+00
-3.217860160121241986e+00
-3.221759985779804936e+00
-3.225695119719649284e+00
-3.229664399310366640e+00
-3.233669367713710052e+00
-3.237709398750602041e+00
-3.241784588094795527e+00
-3.245895726191118325e+00
-3.250042281799914168e+00
-3.254224588013700181e+00
-3.258442128476236821e+00
-3.262695940652923454e+00
-3.266986312746937848e+00
-3.271312737212199728e+00
-3.275675521601848494e+00
-3.280075077865080679e+00
-3.284510860315853709e+00
-3.288984230701372802e+00
-3.293494170963414458e+00
-3.298041208568856408e+00
-3.302625531685426274e+00
-3.307247297044050072e+00
-3.311906641638620030e+00
-3.316604265710952681e+00
-3.321339549764726673e+00
-3.326112598013557964e+00
-3.330924080709292134e+00
-3.335773712847966976e+00
-3.340662311060641709e+00
-3.345589513615787158e+00
-3.350555343354431947e+00
-3.355560692000642220e+00
-3.360604689805646750e+00
-3.365688647444511794e+00
-3.370811981566068205e+00
-3.375975049211592971e+00
-3.381177438996617823e+00
-3.386421036458267420e+00
-3.391704479088597957e+00
-3.397027924971170343e+00
-3.402392765568706956e+00
-3.407797916510938663e+00
-3.413244427319783725e+00
-3.418731360473346470e+00
-3.424260197752520440e+00
-3.429831161130472150e+00
-3.435443795125110444e+00
-3.441097653310436044e+00
-3.446794130520354660e+00
-3.452532691857685965e+00
-3.458314515809954859e+00
-3.464138686704641756e+00
-3.470005591534032874e+00
-3.475916174939293057e+00
-3.481869881662225108e+00
-3.487866970814859968e+00
-3.493908670341617118e+00
-3.499993812985340291e+00
-3.506123457713379299e+00
-3.512297425099790260e+00
-3.518515934866351280e+00
-3.524780209812837128e+00
-3.531088726662226396e+00
-3.537443193812359166e+00
-3.543843099293140675e+00
-3.550288473451773896e+00
-3.556780351935179496e+00
-3.563318879778969883e+00
-3.569903621460353449e+00
-3.576534900611579637e+00
-3.583213165582271653e+00
-3.589939312357599110e+00
-3.596712688662875745e+00
-3.603534202522227670e+00
-3.610403599774480554e+00
-3.617321099087294822e+00
-3.624287013978396921e+00
-3.631302271226094724e+00
-3.638366567875168656e+00
-3.645479962509465821e+00
-3.652643094584017813e+00
-3.659855771168156746e+00
-3.667119086269658101e+00
-3.674433033123932546e+00
-3.681797547831797246e+00
-3.689212832275130971e+00
-3.696679662465283123e+00
-3.704197741594595694e+00
-3.711768160616836454e+00
-3.719390485469211693e+00
-3.727065522679390064e+00
-3.734792766232765793e+00
-3.742573235912247220e+00
-3.750407492802909637e+00
-3.758295126049203905e+00
-3.766236775637233691e+00
-3.774233049683332730e+00
-3.782283568157723153e+00
-3.790388592002901902e+00
-3.798549770081445232e+00
-3.806766302324785300e+00
-3.815038653762447662e+00
-3.823366516703591067e+00
-3.831751463122050172e+00
-3.840193664089275760e+00
-3.848692747704941297e+00
-3.857249733173136796e+00
-3.865864543233406891e+00
-3.874537459067477929e+00
-3.883268629124053906e+00
-3.892059912959207058e+00
-3.900910148077017414e+00
-3.909819891020918536e+00
-3.918788947128364786e+00
-3.927819082884150159e+00
-3.936910252426624623e+00
-3.946062368102700280e+00
-3.955276466355993836e+00
-3.964552028502563275e+00
-3.973890134066640378e+00
-3.983290968176850910e+00
-3.992754832038019952e+00
-4.002282598466871733e+00
-4.011874473219806170e+00
-4.021529591658833169e+00
-4.031250035410010923e+00
-4.041035972442288404e+00
-4.050887663882731360e+00
-4.060805224656743206e+00
-4.070788575188598379e+00
-4.080839590542012729e+00
-4.090957235308431805e+00
-4.101142678522855967e+00
-4.111397154160165712e+00
-4.121719758997707928e+00
-4.132110910053465425e+00
-4.142571790544709920e+00
-4.153103316313156768e+00
-4.163705120989273922e+00
-4.174377766838827775e+00
-4.185121095647511780e+00
-4.195937265515490289e+00
-4.206825576806249245e+00
-4.217786505299791600e+00
-4.228821214130711326e+00
-4.239929447435383914e+00
-4.251111669210200006e+00
-4.262368887252463878e+00
-4.273701838882218773e+00
-4.285110579492902083e+00
-4.296595657564705739e+00
-4.308157153013126184e+00
-4.319796780937638303e+00
-4.331513508597192974e+00
-4.343309553747237928e+00
-4.355184961902319962e+00
-4.367139383891011306e+00
-4.379174021814222328e+00
-4.391288509448877164e+00
-4.403485844597519794e+00
-4.415765197983754220e+00
-4.428126250416275944e+00
-4.440569729120029230e+00
-4.453097923027818261e+00
-4.465709674914524641e+00
-4.478406303934053589e+00
-4.491189015152722064e+00
-4.504057818085852816e+00
-4.517011838473372620e+00
-4.530054143576203174e+00
-4.543184158146194029e+00
-4.556403114788258435e+00
-4.569711557198758101e+00
-4.583108537908303859e+00
-4.596597733808450492e+00
-4.610175904929702639e+00
-4.623847709409169227e+00
-4.637611754145254395e+00
-4.651469712858827599e+00
-4.665419793679488336e+00
-4.679464615919438408e+00
-4.693605646382621011e+00
-4.707843038412737435e+00
-4.722176722501184365e+00
-4.736607220953349184e+00
-4.751136464700532969e+00
-4.765764337265493644e+00
-4.780492118817635472e+00
-4.795320764072013020e+00
-4.810250497738179476e+00
-4.825281017293244545e+00
-4.840414705021382602e+00
-4.855652204756180090e+00
-4.870994118809872653e+00
-4.886441863569277011e+00
-4.901993972534850030e+00
-4.917653515917416840e+00
-4.933420242965661728e+00
-4.949296055533821459e+00
-4.965280905792088362e+00
-4.981375969804496151e+00
-4.997580805949806582e+00
-5.013897515390916659e+00
-5.030328193798012215e+00
-5.046872263433485273e+00
-5.063530799136158222e+00
-5.080303629355922723e+00
-5.097193371645278859e+00
-5.114199778799440210e+00
-5.131324537802296248e+00
-5.148569688446200665e+00
-5.165933849438770764e+00
-5.183418502858025967e+00
-5.201024747262182224e+00
-5.218754697244016860e+00
-5.236608769039039935e+00
-5.254587726876176035e+00
-5.272691142308875811e+00
-5.290923376863749361e+00
-5.309281943167003526e+00
-5.327771214712750059e+00
-5.346389800196583053e+00
-5.365139751396855061e+00
-5.384020279806424725e+00
-5.403034988938423488e+00
-5.422184245328031338e+00
-5.441470322711852603e+00
-5.460891097094549451e+00
-5.480449958033159596e+00
-5.500148235447382739e+00
-5.519985468509283066e+00
-5.539965136303762527e+00
-5.560086811491987469e+00
-5.580352241962558857e+00
-5.600761585204720561e+00
-5.621316648506931024e+00
-5.642020154092422857e+00
-5.662872356554599307e+00
-5.683873726647758140e+00
-5.705025718882307473e+00
-5.726329024867483852e+00
-5.747787042954789705e+00
-5.769399867142647409e+00
-5.791169089023302519e+00
-5.813095301034195472e+00
-5.835180737877820434e+00
-5.857424982915359735e+00
-5.879832841815085587e+00
-5.902402895269238670e+00
-5.925137633829942629e+00
-5.948038186719130316e+00
-5.971106257205200052e+00
-5.994340859516519515e+00
-6.017748277752030361e+00
-6.041327100237664283e+00
-6.065078717037436284e+00
-6.089004259379877659e+00
-6.113105788210791758e+00
-6.137386625318736577e+00
-6.161846380541295964e+00
-6.186487436172522614e+00
-6.211309598143859745e+00
-6.236317941757956618e+00
-6.261509938406645936e+00
-6.286890504375784339e+00
-6.312460143571266613e+00
-6.338221511863618929e+00
-6.364173221923545398e+00
-6.390319814335784443e+00
-6.416664502098365475e+00
-6.443205366443062410e+00
-6.469946999598889192e+00
-6.496888709858625433e+00
-6.524034313111783945e+00
-6.551384531290854518e+00
-6.578942658024335977e+00
-6.606709603991810731e+00
-6.634687262193306623e+00
-6.662875593649067341e+00
-6.691279506692844770e+00
-6.719901350722579991e+00
-6.748741348014332786e+00
-6.777801010626006928e+00
-6.807083135846664135e+00
-6.836591633439518922e+00
-6.866325422827863179e+00
-6.896290333286918539e+00
-6.926484657080852259e+00
-6.956913693880617089e+00
-6.987576279766772203e+00
-7.018476385752246749e+00
-7.049617334990007755e+00
-7.081001560498300762e+00
-7.112629308190715705e+00
-7.144503478597414414e+00
-7.176625806054630630e+00
-7.209001060803661431e+00
-7.241631317687089009e+00
-7.274516136368257335e+00
-7.307658781543592497e+00
-7.341064419905018568e+00
-7.374734407736159625e+00
-7.408668576476510559e+00
-7.442872648469366581e+00
-7.477346138432696243e+00
-7.512096181160593744e+00
-7.547123657034402910e+00
-7.582428210375711686e+00
-7.618016442514677244e+00
-7.653888781372851113e+00
-7.690048254414369566e+00
-7.726498908935012011e+00
-7.763242685645440844e+00
-7.800282946285621577e+00
-7.837621844362084644e+00
-7.875261299975646168e+00
-7.913207096026741105e+00
-7.951463211882447979e+00
-7.990026634039503861e+00
-8.028906742428192800e+00
-8.068104199894332140e+00
-8.107620708749623262e+00
-8.147462424312735152e+00
-8.187631805456549117e+00
-8.228127213428770403e+00
-8.268959384052957162e+00
-8.310127725155656009e+00
-8.351636690166113652e+00
-8.393490601841463672e+00
-8.435689474077923578e+00
-8.478240465771884615e+00
-8.521146746868662802e+00
-8.564407416531583550e+00
-8.608033343631943168e+00
-8.652024177815659911e+00
-8.696380738617191852e+00
-8.741113858025563843e+00
-8.786220604488599761e+00
-8.831710102035314591e+00
-8.877583876122434603e+00
-8.923844289767881577e+00
-8.970500396021845901e+00
-9.017552369353472486e+00
-9.065002554847342964e+00
-9.112859072887996348e+00
-9.161126167945901955e+00
-9.209803704254667878e+00
-9.258901109843591826e+00
-9.308418581145483373e+00
-9.358365344525029883e+00
-9.408743294701769955e+00
-9.459553278574162505e+00
-9.510807668766355860e+00
-9.562505884866901340e+00
-9.614652109971338234e+00
-9.667255554448122012e+00
-9.720317516035281713e+00
-9.773842214522534988e+00
-9.827837724436854216e+00
-9.882305156726333806e+00
-9.937254983383304818e+00
-9.992689037861413937e+00
-1.004860894917771574e+01
-1.010502881045432666e+01
-1.016194990389745989e+01
-1.021937248753244276e+01
-1.027730966047747074e+01
-1.033576390059710270e+01
-1.039473761849146527e+01
-1.045424294901047624e+01
-1.051428002138944073e+01
-1.057485981837742806e+01
-1.063598597632535103e+01
-1.069766129259187082e+01
-1.075989662088823451e+01
-1.082269867433407384e+01
-1.088606606493177686e+01
-1.095001543161653146e+01
-1.101454728822496776e+01
-1.107966762040511632e+01
-1.114538609545897430e+01
-1.121170466445707881e+01
-1.127863666433934320e+01
-1.134618702385792943e+01
-1.141435748960232388e+01
-1.148316198063934479e+01
-1.155260449937240708e+01
-1.162268894657236196e+01
-1.169343117128185128e+01
-1.176482904974138499e+01
-1.183689899915886734e+01
-1.190964268851218932e+01
-1.198306694266278427e+01
-1.205718698661977761e+01
-1.213200576626577920e+01
-1.220752611415105093e+01
-1.228376667833387970e+01
-1.236073376966334969e+01
-1.243842439745657558e+01
-1.251686266164894512e+01
-1.259604465033890008e+01
-1.267598980395705333e+01
-1.275670106516652069e+01
-1.283818480222587866e+01
-1.292045707699379697e+01
-1.300352256618392133e+01
-1.308738979269632274e+01
-1.317207427862469693e+01
-1.325758187365632779e+01
-1.334391574113512391e+01
-1.343109758245903329e+01
-1.351912709910824262e+01
-1.360802320321299241e+01
-1.369779457234588094e+01
-1.378844303604308763e+01
-1.387999139607912724e+01
-1.397244533873701933e+01
-1.406580836081105623e+01
-1.416010547142965059e+01
-1.425534096079087831e+01
-1.435152089031080358e+01
-1.444866631967474291e+01
-1.454678075743588295e+01
-1.464588516748961311e+01
-1.474598713119946503e+01
-1.484709033300299375e+01
-1.494922487139624145e+01
-1.505238960677193027e+01
-1.515659678594230897e+01
-1.526187328257223541e+01
-1.536822061626161151e+01
-1.547564878192221016e+01
-1.558418363041937305e+01
-1.569382487590885944e+01
-1.580460068482605962e+01
-1.591652117490480123e+01
-1.602958842428993336e+01
-1.614383439447369284e+01
-1.625926500085740756e+01
-1.637589425169180402e+01
-1.649374247552947281e+01
-1.661282400953281524e+01
-1.673314308315131527e+01
-1.685473361263855452e+01
-1.697759953823733881e+01
-1.710176323883721494e+01
-1.722724355541637564e+01
-1.735404423364643023e+01
-1.748219714904857369e+01
-1.761171485889707000e+01
-1.774260537817145433e+01
-1.787490470790701735e+01
-1.800861946320461371e+01
-1.814376665297860569e+01
-1.828037367024303705e+01
-1.841844856638619277e+01
-1.855802002104620740e+01
-1.869910964842185663e+01
-1.884171971458080463e+01
-1.898589611451986414e+01
-1.913164124871675753e+01
-1.927897513940255436e+01
-1.942793220856241732e+01
-1.957852652947515182e+01
-1.973077106670081449e+01
-1.988470736262658178e+01
-2.004033547415043870e+01
-2.019770237119811185e+01
-2.035681688504125475e+01
-2.051769468300482302e+01
-2.068038331515176154e+01
-2.084488908812438623e+01
-2.101123399589319973e+01
-2.117945954614872761e+01
-2.134958214402553622e+01
-2.152161850692932532e+01
-2.169561399640667432e+01
-2.187157044853464782e+01
-2.204954437744856222e+01
-2.222955218014457301e+01
-2.241160293329318520e+01
-2.259575594123839082e+01
-2.278201952989127221e+01
-2.297042205779284529e+01
-2.316100924321151311e+01
-2.335380389027109160e+01
-2.354882207638331337e+01
-2.374612408025822674e+01
-2.394571089968769684e+01
-2.414763913241344895e+01
-2.435193006015098405e+01
-2.455860993674029302e+01
-2.476773637909737502e+01
-2.497932917055026536e+01
-2.519340566129725900e+01
-2.541003737692995657e+01
-2.562923482342304737e+01
-2.585103543314015795e+01
-2.607549374834911404e+01
-2.630262358503503961e+01
-2.653249094001684583e+01
-2.676511644474861740e+01
-2.700053799123358189e+01
-2.723881004571486741e+01
-2.747996983119070435e+01
-2.772404130861291804e+01
-2.797109065088468327e+01
-2.822115658393636650e+01
-2.847426382470980144e+01
-2.873047729229722691e+01
-2.898982766884448026e+01
-2.925238657168235790e+01
-2.951817644271975638e+01
-2.978724239954490116e+01
-3.005965507732750197e+01
-3.033545145799352838e+01
-3.061466250158626323e+01
-3.089737499478398774e+01
-3.118360613971902850e+01
-3.147344325185047609e+01
-3.176692360882267252e+01
-3.206408003003748775e+01
-3.236499705027117102e+01
-3.266973264218519546e+01
-3.297831130788845400e+01
-3.329082496887944131e+01
-3.360731900367871106e+01
-3.392783523084073494e+01
-3.425247060447355807e+01
-3.458124697161577643e+01
-3.491426928141110864e+01
-3.525158468187436966e+01
-3.559322565812079375e+01
-3.593931585724638467e+01
-3.628988457285402802e+01
-3.664499608147985299e+01
-3.700474468815742313e+01
-3.736918652056279910e+01
-3.773838032931247710e+01
-3.811243269161366243e+01
-3.849137315356101396e+01
-3.887532130325305246e+01
-3.926432182104430524e+01
-3.965845438521379407e+01
-4.005782473829366808e+01
-4.046249634089879521e+01
-4.087252239572687529e+01
-4.128804184128316734e+01
-4.170909837571500134e+01
-4.213576649378146044e+01
-4.256818226481534140e+01
-4.300638057487831389e+01
-4.345049171980402747e+01
-4.390059402133585564e+01
-4.435674957487859160e+01
-4.481909977857592509e+01
-4.528771532503228769e+01
-4.576267848900526047e+01
-4.624412294572039883e+01
-4.673211906029707308e+01
-4.722676506527686513e+01
-4.772819060003840264e+01
-4.823645656346700150e+01
-4.875173008577441891e+01
-4.927408707654802100e+01
-4.980358583860637367e+01
-5.034043123704400102e+01
-5.088468210282542969e+01
-5.143642003308411859e+01
-5.199583279569817051e+01
-5.256300495757395908e+01
-5.313801009947489717e+01
-5.372104489992715770e+01
-5.431215990648554737e+01
-5.491155224202410068e+01
-5.551930551054105223e+01
-5.613551778858894892e+01
-5.676035809576393376e+01
-5.739396131585925787e+01
-5.803639949708230716e+01
-5.868787946602769523e+01
-5.934850464707746198e+01
-6.001837345653557065e+01
-6.069768203568598608e+01
-6.138652461615757261e+01
-6.208508534694673386e+01
-6.279348743537677535e+01
-6.351181672575969372e+01
-6.424031581155242066e+01
-6.497908299035282198e+01
-6.572821440231705026e+01
-6.648794703655245542e+01
-6.725840464665724028e+01
-6.803967255280382176e+01
-6.883198661645042193e+01
-6.963540675399610791e+01
-7.045020398715256249e+01
-7.127646123624080587e+01
-7.211428458974624789e+01
-7.296391981395936455e+01
-7.382549166251199324e+01
-7.469909492880719881e+01
-7.558497497777240426e+01
-7.648325330436564684e+01
-7.739401526742254589e+01
-7.831754481129947010e+01
-7.925383864760067354e+01
-8.020319609729595811e+01
-8.116570413452737398e+01
-8.214142830728097522e+01
-8.313067411584735567e+01
-8.413349349758236428e+01
-8.514998800174382154e+01
-8.618035895341340336e+01
-8.722475898959265805e+01
-8.828323219702629387e+01
-8.935600948005817656e+01
-9.044310082855582777e+01
-9.154473902196161816e+01
-9.266097109877097182e+01
-9.379184600521450932e+01
-9.493758297094824172e+01
-9.609821591093505333e+01
-9.727376034910412272e+01
-9.846437916435399984e+01
-9.967009431861187352e+01
-1.008908914934819876e+02
-1.021269504521911813e+02
-1.033781306782899350e+02
-1.046445782208759425e+02
-1.059262197747659116e+02
-1.072229735522298455e+02
-1.085349011732054691e+02
-1.098618748525395148e+02
-1.112037560947305366e+02
-1.125605636818390849e+02
-1.139320643546897287e+02
-1.153180655764645195e+02
-1.167184490026659915e+02
-1.181328951450464047e+02
-1.195612411911309181e+02
-1.210031266399439147e+02
-1.224581254531980647e+02
-1.239259875200863945e+02
-1.254062142697303415e+02
-1.268982118449893335e+02
-1.284016257091666660e+02
-1.299156406631254583e+02
-1.314397789842908537e+02
-1.329731916122928226e+02
-1.345150131097220481e+02
-1.360644463768832395e+02
-1.376204572596134312e+02
-1.391819053453837967e+02
-1.407477416292403802e+02
-1.423165657659019985e+02
-1.438869516641606481e+02
-1.454574954179037718e+02
-1.470263595808100661e+02
-1.485919023980765985e+02
-1.501520865296554348e+02
-1.517046581006450481e+02
-1.532475236557875746e+02
-1.547780280098126013e+02
-1.562934345092364197e+02
-1.577908774394034594e+02
-1.592671658176920175e+02
-1.607187379702538692e+02
-1.621421089258153643e+02
-1.635330074913991893e+02
-1.648873682574713655e+02
-1.662003198658849783e+02
-1.674667899975278544e+02
-1.686815360468528127e+02
-1.698385416619439070e+02
-1.709314524878666077e+02
-1.719535928880480924e+02
-1.728974931989739048e+02
-1.737552807529670531e+02
-1.745184869117244943e+02
-1.751778277099248555e+02
-1.757235900457305888e+02
-1.761450230337060816e+02
-1.764307283766707428e+02
-1.765683937081314241e+02
-1.765448172338912514e+02
-1.763457735322132578e+02
-1.759558836879284911e+02
-1.753587429322294327e+02
-1.745367208315199434e+02
-1.734705778746379963e+02
-1.721401281417830376e+02
-1.705233016762780665e+02
-1.685963873213109423e+02
-1.663341235416147867e+02
-1.637092526238875791e+02
-1.606923154307903019e+02
-1.572521792392120688e+02
-1.533547512382207856e+02
-1.489637788542579813e+02
-1.440407942252510907e+02
-1.385431071642163090e+02
-1.324268165254392784e+02
-1.256428339855192604e+02
-1.181399123017316413e+02
-1.098629277334505616e+02
-1.007513291100059689e+02
-9.074172285326858400e+01
-7.976661300222664863e+01
-6.775070479307926519e+01
-5.461623834178227099e+01
-4.027935994709918788e+01
-2.464801337889859312e+01
-7.626937509258663539e+00
1.089003738074561589e+01
3.101275449631705783e+01
5.286068971553429918e+01
7.656243033378321172e+01
1.022542163488637215e+02
1.300812555043474958e+02
1.602033198529995275e+02
1.927865266151609660e+02
2.280085837918162781e+02
2.660648297489317997e+02
3.071564606950001917e+02
3.515078222736407270e+02
3.993497218472352301e+02
4.509302152065488372e+02
5.065229155151379814e+02
5.664090768354037664e+02
6.308894606863698300e+02
7.002971881729847610e+02
7.749749144421984965e+02
8.552840369385511394e+02
9.416316538085260390e+02
1.034422626173071421e+03
1.134114395186112461e+03
1.241175058142493299e+03
1.356101806512502662e+03
1.479445899728169707e+03
1.611770954187169082e+03
1.753668640817172673e+03
1.905803019685017262e+03
2.068839137991103144e+03
2.243493915638941871e+03
2.430549577393760956e+03
2.630792751733224122e+03
2.845104047970370630e+03
3.074372149293267285e+03
3.319547249100734462e+03
3.581667918695447042e+03
3.861769081850936345e+03
4.160973294058607280e+03
4.480499792727276144e+03
4.821565867382677425e+03
5.185477680781965319e+03
5.573640982755327059e+03
5.987470824271310448e+03
6.428539952077810085e+03
6.898414784852289813e+03
7.398759869540001091e+03
7.931356944894158005e+03
8.498062948910299383e+03
9.100734820692263384e+03
9.741484861308659674e+03
1.042234628096724919e+04
1.114565989047577204e+04
1.191351750947860819e+04
1.272858708779212429e+04
1.359330808997304121e+04
1.451032699891228185e+04
1.548248366692338277e+04
1.651254079369744068e+04
1.760386262457279736e+04
1.875956928729351421e+04
1.998308851334623978e+04
2.127804531278575087e+04
2.264830687057990508e+04
2.409778335319323378e+04
2.563117396206936610e+04
2.725304121353269511e+04
2.896835971542890911e+04
3.078267439396772170e+04
3.270164736141596222e+04
3.473211454851848248e+04
3.688095682238299923e+04
3.915595152718509780e+04
4.156573538454398658e+04
4.411976152134271979e+04
4.682837369621998369e+04
4.970407970826397650e+04
5.275979753730267839e+04
5.601059359369051526e+04
5.947339365402967087e+04
6.316685006934453122e+04
6.711338862066598085e+04
7.133717727453411499e+04
7.586603635088590090e+04
8.073167678787314799e+04
8.596991108159185387e+04
9.162092674553157121e+04
9.773231752276116458e+04
1.043562084135184414e+05
1.115521775484997925e+05
1.193877796165485779e+05
1.279385146228417143e+05
1.372927341186818085e+05
1.475467584334857529e+05
1.588102203694687632e+05
1.712060886851282849e+05
1.848718008851138293e+05
1.999598257200974040e+05
2.166441319327524398e+05
2.351136570271201781e+05
2.555776510140179598e+05
2.782677232583524310e+05
3.034346706520279404e+05
3.313598056810869020e+05
3.623409096040934091e+05
3.967021699172712979e+05
4.347899928806584212e+05
4.769740659885294153e+05
5.236384517585329013e+05
5.752010876667685807e+05
6.320766612266731681e+05
