#                  L = 25.00                                       L = 30.00                                       L = 35.00                                       L = 40.00                                       L = 50.00                                       L = 75.00                                       L = 100.00                   
#          r [A]          rho(r)         Δrho(r)           r [A]          rho(r)         Δrho(r)           r [A]          rho(r)         Δrho(r)           r [A]          rho(r)         Δrho(r)           r [A]          rho(r)         Δrho(r)           r [A]          rho(r)         Δrho(r)           r [A]          rho(r)         Δrho(r)
  0.00000000E+00  1.79722605E-01  1.04892518E-03  0.00000000E+00  1.81133587E-01  1.81097354E-03  0.00000000E+00  1.68169800E-01  1.01337990E-03  0.00000000E+00  1.60500690E-01  1.33656071E-03  0.00000000E+00  1.64773138E-01  1.56735796E-04  0.00000000E+00  1.76366454E-01  1.13643328E-04  0.00000000E+00  1.73143835E-01  1.30703093E-04
  7.75500000E-02  1.75558516E-01  1.00716058E-03  7.75500000E-02  1.76765420E-01  1.66455496E-03  7.75500000E-02  1.65541942E-01  8.92902580E-04  7.75500000E-02  1.56913769E-01  1.23470552E-03  7.75500000E-02  1.60969034E-01  1.51061150E-04  7.75500000E-02  1.72350904E-01  1.07473830E-04  7.75500000E-02  1.69028068E-01  1.21651469E-04
  1.55100000E-01  1.67092022E-01  8.77401180E-04  1.55100000E-01  1.68686912E-01  1.58960250E-03  1.55100000E-01  1.57663828E-01  8.39612748E-04  1.55100000E-01  1.49818986E-01  1.11796357E-03  1.55100000E-01  1.53648009E-01  1.40656536E-04  1.55100000E-01  1.64587395E-01  1.02714292E-04  1.55100000E-01  1.61161716E-01  1.12425380E-04
  2.32600000E-01  1.55516929E-01  7.85942303E-04  2.32600000E-01  1.57073078E-01  1.38100118E-03  2.32600000E-01  1.47281122E-01  7.46083940E-04  2.32600000E-01  1.39635330E-01  9.57160501E-04  2.32600000E-01  1.43261701E-01  1.28172762E-04  2.32600000E-01  1.53574199E-01  9.45427022E-05  2.32600000E-01  1.50044084E-01  1.00891768E-04
  3.10200000E-01  1.41006393E-01  7.25999582E-04  3.10200000E-01  1.42869022E-01  1.18771220E-03  3.10200000E-01  1.34193693E-01  5.97945998E-04  3.10200000E-01  1.27366526E-01  8.34743094E-04  3.10200000E-01  1.30500086E-01  1.10478993E-04  3.10200000E-01  1.40077079E-01  8.31537655E-05  3.10200000E-01  1.36444576E-01  8.78038409E-05
  3.87700000E-01  1.24892229E-01  6.16017404E-04  3.87700000E-01  1.27167498E-01  9.95784494E-04  3.87700000E-01  1.19627221E-01  4.32676785E-04  3.87700000E-01  1.13434519E-01  6.86476055E-04  3.87700000E-01  1.16191674E-01  9.48480919E-05  3.87700000E-01  1.24850806E-01  6.99952624E-05  3.87700000E-01  1.21199653E-01  7.27666915E-05
  4.65300000E-01  1.07923711E-01  5.26085887E-04  4.65300000E-01  1.10292386E-01  8.11038758E-04  4.65300000E-01  1.04482871E-01  3.21771927E-04  4.65300000E-01  9.86253282E-02  5.19324134E-04  4.65300000E-01  1.01118531E-01  7.96629781E-05  4.65300000E-01  1.08751546E-01  5.90025940E-05  4.65300000E-01  1.05129848E-01  6.03777772E-05
  5.42800000E-01  9.08456944E-02  4.32853107E-04  5.42800000E-01  9.38195664E-02  6.15526947E-04  5.42800000E-01  8.89964235E-02  2.08384014E-04  5.42800000E-01  8.40041288E-02  3.78290490E-04  5.42800000E-01  8.60461523E-02  6.21797014E-05  5.42800000E-01  9.25817620E-02  5.23713958E-05  5.42800000E-01  8.90804183E-02  5.03868723E-05
  6.20400000E-01  7.45623522E-02  3.64577769E-04  6.20400000E-01  7.77427593E-02  4.65166199E-04  6.20400000E-01  7.41018125E-02  1.46733818E-04  6.20400000E-01  6.99891352E-02  2.68991699E-04  6.20400000E-01  7.16242992E-02  4.85229255E-05  6.20400000E-01  7.70643972E-02  4.18183301E-05  6.20400000E-01  7.37706178E-02  3.98960979E-05
  6.97900000E-01  5.95687493E-02  3.35311795E-04  6.97900000E-01  6.30454276E-02  3.37803972E-04  6.97900000E-01  6.04351025E-02  1.00352382E-04  6.97900000E-01  5.71049190E-02  1.89434045E-04  6.97900000E-01  5.83498024E-02  3.52751243E-05  6.97900000E-01  6.27067774E-02  3.61609805E-05  6.97900000E-01  5.97204101E-02  3.32982856E-05
  7.75500000E-01  4.64808667E-02  2.80757337E-04  7.75500000E-01  5.00217063E-02  2.70709519E-04  7.75500000E-01  4.82912966E-02  1.11617765E-04  7.75500000E-01  4.56985413E-02  1.54613508E-04  7.75500000E-01  4.65664731E-02  2.52870850E-05  7.75500000E-01  4.98880154E-02  3.07493382E-05  7.75500000E-01  4.72798752E-02  2.90207924E-05
  8.53000000E-01  3.53834085E-02  2.43412601E-04  8.53000000E-01  3.88820279E-02  2.21117437E-04  8.53000000E-01  3.77451463E-02  1.22900786E-04  8.53000000E-01  3.58108512E-02  1.70802799E-04  8.53000000E-01  3.64277347E-02  1.89013902E-05  8.53000000E-01  3.88423258E-02  2.63875230E-05  8.53000000E-01  3.66054686E-02  2.45210934E-05
  9.30600000E-01  2.62109696E-02  2.05843598E-04  9.30600000E-01  2.95954853E-02  1.87289529E-04  9.30600000E-01  2.89159167E-02  1.35882321E-04  9.30600000E-01  2.75228383E-02  1.63725158E-04  9.30600000E-01  2.79798084E-02  1.56075991E-05  9.30600000E-01  2.95960444E-02  2.28271580E-05  9.30600000E-01  2.77542829E-02  2.13146598E-05
  1.00800000E+00  1.89415512E-02  1.66531350E-04  1.00800000E+00  2.21369847E-02  1.57115212E-04  1.00800000E+00  2.17403543E-02  1.24312594E-04  1.00800000E+00  2.09119436E-02  1.62424883E-04  1.00800000E+00  2.11288714E-02  1.42771829E-05  1.00800000E+00  2.20930874E-02  1.88061316E-05  1.00800000E+00  2.06319864E-02  1.93315017E-05
  1.08600000E+00  1.33299337E-02  1.27207638E-04  1.08600000E+00  1.62432383E-02  1.41934969E-04  1.08600000E+00  1.60653365E-02  1.15886414E-04  1.08600000E+00  1.56121583E-02  1.54272643E-04  1.08600000E+00  1.57277551E-02  1.35288243E-05  1.08600000E+00  1.61650460E-02  1.52426483E-05  1.08600000E+00  1.50554584E-02  1.68061609E-05
  1.16300000E+00  9.19199620E-03  9.37866627E-05  1.16300000E+00  1.16871166E-02  1.38761867E-04  1.16300000E+00  1.16247638E-02  1.03626349E-04  1.16300000E+00  1.15059034E-02  1.46512511E-04  1.16300000E+00  1.15753884E-02  1.38090680E-05  1.16300000E+00  1.16115915E-02  1.23010929E-05  1.16300000E+00  1.08114261E-02  1.39496970E-05
  1.24100000E+00  6.19457020E-03  7.15478244E-05  1.24100000E+00  8.27720718E-03  1.25345532E-04  1.24100000E+00  8.32243748E-03  9.51807940E-05  1.24100000E+00  8.47471033E-03  1.31694210E-04  1.24100000E+00  8.46312520E-03  1.32772215E-05  1.24100000E+00  8.20930435E-03  9.64390148E-06  1.24100000E+00  7.66718915E-03  1.15698215E-05
  1.31800000E+00  4.11393889E-03  5.57668633E-05  1.31800000E+00  5.82674292E-03  1.13131741E-04  1.31800000E+00  5.91768206E-03  8.01240466E-05  1.31800000E+00  6.20184678E-03  1.10743128E-04  1.31800000E+00  6.20208552E-03  1.27683295E-05  1.31800000E+00  5.74291864E-03  7.82715426E-06  1.31800000E+00  5.40537458E-03  9.72425118E-06
  1.39600000E+00  2.72630004E-03  4.23059689E-05  1.39600000E+00  4.11446046E-03  1.04978418E-04  1.39600000E+00  4.22085769E-03  6.73710424E-05  1.39600000E+00  4.60494625E-03  9.79069678E-05  1.39600000E+00  4.61270410E-03  1.22591910E-05  1.39600000E+00  4.01017223E-03  6.31237760E-06  1.39600000E+00  3.83969597E-03  8.34769837E-06
  1.47300000E+00  1.84041418E-03  3.60943405E-05  1.47300000E+00  2.96309377E-03  9.52716122E-05  1.47300000E+00  3.08063839E-03  5.54540415E-05  1.47300000E+00  3.56275327E-03  9.02506594E-05  1.47300000E+00  3.55586435E-03  1.19658150E-05  1.47300000E+00  2.85157095E-03  5.23497370E-06  1.47300000E+00  2.81048864E-03  7.61609466E-06
  1.55100000E+00  1.33422779E-03  3.18327889E-05  1.55100000E+00  2.27029139E-03  9.18985612E-05  1.55100000E+00  2.38640158E-03  4.75564890E-05  1.55100000E+00  2.93865841E-03  8.40517629E-05  1.55100000E+00  2.93229521E-03  1.17778735E-05  1.55100000E+00  2.14034706E-03  4.63063397E-06  1.55100000E+00  2.20311526E-03  6.91846964E-06
  1.62900000E+00  1.12934611E-03  3.31400272E-05  1.62900000E+00  1.94373426E-03  9.04151922E-05  1.62900000E+00  2.05133537E-03  3.95595175E-05  1.62900000E+00  2.69136095E-03  7.97811055E-05  1.62900000E+00  2.67111812E-03  1.18225159E-05  1.62900000E+00  1.79320114E-03  4.31349294E-06  1.62900000E+00  1.94131145E-03  6.55723103E-06
  1.70600000E+00  1.17024505E-03  3.84623491E-05  1.70600000E+00  1.93492083E-03  9.25638893E-05  1.70600000E+00  2.05282533E-03  3.57540372E-05  1.70600000E+00  2.79195465E-03  7.89517007E-05  1.70600000E+00  2.74186310E-03  1.18757524E-05  1.70600000E+00  1.75994598E-03  4.35851803E-06  1.70600000E+00  1.98438792E-03  6.44940576E-06
  1.78400000E+00  1.42975039E-03  4.51175341E-05  1.78400000E+00  2.24325656E-03  9.40877045E-05  1.78400000E+00  2.34999147E-03  3.39841678E-05  1.78400000E+00  3.24020377E-03  8.43486714E-05  1.78400000E+00  3.13747603E-03  1.22078683E-05  1.78400000E+00  2.02836250E-03  4.55868370E-06  1.78400000E+00  2.32742750E-03  6.94917173E-06
  1.86100000E+00  1.92365432E-03  5.16763501E-05  1.86100000E+00  2.90754857E-03  9.78820370E-05  1.86100000E+00  2.99618140E-03  3.45295542E-05  1.86100000E+00  4.05584972E-03  8.46922443E-05  1.86100000E+00  3.88183287E-03  1.22932062E-05  1.86100000E+00  2.61258379E-03  5.06990348E-06  1.86100000E+00  2.98968742E-03  7.26063910E-06
  1.93900000E+00  2.68264611E-03  6.05344874E-05  1.93900000E+00  3.94216949E-03  1.04939466E-04  1.93900000E+00  4.04235760E-03  3.74047193E-05  1.93900000E+00  5.27139550E-03  8.61974228E-05  1.93900000E+00  5.02232870E-03  1.28933199E-05  1.93900000E+00  3.55707897E-03  5.75236099E-06  1.93900000E+00  4.01936164E-03  7.69837505E-06
  2.01600000E+00  3.77761951E-03  6.93164860E-05  2.01600000E+00  5.44380766E-03  1.08338955E-04  2.01600000E+00  5.51811064E-03  4.12906173E-05  2.01600000E+00  6.96403005E-03  8.55464540E-05  2.01600000E+00  6.61836614E-03  1.29802632E-05  2.01600000E+00  4.92104097E-03  6.61422877E-06  2.01600000E+00  5.47973910E-03  8.35294870E-06
  2.09400000E+00  5.27238119E-03  7.84229810E-05  2.09400000E+00  7.48066741E-03  1.09191989E-04  2.09400000E+00  7.50027774E-03  4.78794535E-05  2.09400000E+00  9.21928577E-03  8.92784355E-05  2.09400000E+00  8.73527786E-03  1.31062551E-05  2.09400000E+00  6.77827539E-03  7.64290777E-06  2.09400000E+00  7.44405435E-03  8.90120228E-06
  2.17100000E+00  7.30108752E-03  8.77336838E-05  2.17100000E+00  1.01448972E-02  1.10255243E-04  2.17100000E+00  1.01046965E-02  5.40275195E-05  2.17100000E+00  1.20653798E-02  8.85725128E-05  2.17100000E+00  1.14428619E-02  1.27683178E-05  2.17100000E+00  9.20798599E-03  8.46320168E-06  2.17100000E+00  9.98843072E-03  9.64513750E-06
  2.24900000E+00  9.86733105E-03  9.21631423E-05  2.24900000E+00  1.34634243E-02  1.08443891E-04  2.24900000E+00  1.33275802E-02  5.85684847E-05  2.24900000E+00  1.55220098E-02  8.81749618E-05  2.24900000E+00  1.47816558E-02  1.24926359E-05  2.24900000E+00  1.22770478E-02  9.12020786E-06  2.24900000E+00  1.31745101E-02  1.01658328E-05
  2.32600000E+00  1.30918212E-02  9.41405862E-05  2.32600000E+00  1.75232635E-02  1.00307984E-04  2.32600000E+00  1.71797756E-02  6.68253489E-05  2.32600000E+00  1.96304476E-02  8.36921765E-05  2.32600000E+00  1.87710484E-02  1.17464099E-05  2.32600000E+00  1.60166036E-02  9.92159954E-06  2.32600000E+00  1.70399398E-02  9.88821588E-06
  2.40400000E+00  1.70350613E-02  9.16180988E-05  2.40400000E+00  2.22700319E-02  9.85027445E-05  2.40400000E+00  2.16804683E-02  7.84806262E-05  2.40400000E+00  2.42992167E-02  8.76780235E-05  2.40400000E+00  2.33853424E-02  1.09066050E-05  2.40400000E+00  2.04381968E-02  1.03804608E-05  2.40400000E+00  2.15728323E-02  1.01749862E-05
  2.48200000E+00  2.18103519E-02  9.13752326E-05  2.48200000E+00  2.76466308E-02  1.07466970E-04  2.48200000E+00  2.67433552E-02  9.37655643E-05  2.48200000E+00  2.94545268E-02  9.50696913E-05  2.48200000E+00  2.85328475E-02  1.04869960E-05  2.48200000E+00  2.54860309E-02  1.07531180E-05  2.48200000E+00  2.67144007E-02  1.01607381E-05
  2.55900000E+00  2.71903243E-02  9.02081066E-05  2.55900000E+00  3.34359178E-02  1.24972060E-04  2.55900000E+00  3.22270806E-02  1.02821897E-04  2.55900000E+00  3.49011060E-02  1.03303691E-04  2.55900000E+00  3.40635079E-02  1.15779206E-05  2.55900000E+00  3.10458022E-02  1.06131387E-05  2.55900000E+00  3.23390758E-02  1.07367667E-05
  2.63700000E+00  3.32682996E-02  9.58531743E-05  2.63700000E+00  3.94806144E-02  1.49100087E-04  2.63700000E+00  3.79772258E-02  1.24195309E-04  2.63700000E+00  4.05071240E-02  1.25507713E-04  2.63700000E+00  3.97620593E-02  1.38373372E-05  2.63700000E+00  3.69368893E-02  1.07992030E-05  2.63700000E+00  3.82533482E-02  1.15261121E-05
  2.71400000E+00  3.97407528E-02  9.32151004E-05  2.71400000E+00  4.54693464E-02  1.71724248E-04  2.71400000E+00  4.36469390E-02  1.36712875E-04  2.71400000E+00  4.58576302E-02  1.38539508E-04  2.71400000E+00  4.53586243E-02  1.61154291E-05  2.71400000E+00  4.29095968E-02  1.14112783E-05  2.71400000E+00  4.41974379E-02  1.27773069E-05
  2.79200000E+00  4.64282264E-02  9.35699327E-05  2.79200000E+00  5.10694465E-02  1.88966485E-04  2.79200000E+00  4.90330905E-02  1.36254427E-04  2.79200000E+00  5.06293615E-02  1.52500516E-04  2.79200000E+00  5.05378900E-02  1.95490197E-05  2.79200000E+00  4.86602530E-02  1.20472515E-05  2.79200000E+00  4.98568035E-02  1.41772701E-05
  2.86900000E+00  5.30579392E-02  1.06642503E-04  2.86900000E+00  5.59803792E-02  2.26642950E-04  2.86900000E+00  5.37087650E-02  1.27954121E-04  2.86900000E+00  5.46857403E-02  1.67804823E-04  2.86900000E+00  5.49637703E-02  2.29502366E-05  2.86900000E+00  5.38632208E-02  1.25135368E-05  2.86900000E+00  5.49008131E-02  1.51134651E-05
  2.94700000E+00  5.92029715E-02  1.22092021E-04  2.94700000E+00  5.97719907E-02  2.37961556E-04  2.94700000E+00  5.75234952E-02  1.22072111E-04  2.94700000E+00  5.75166547E-02  1.83430794E-04  2.94700000E+00  5.83367537E-02  2.65829540E-05  2.94700000E+00  5.81755163E-02  1.28824266E-05  2.94700000E+00  5.89957282E-02  1.65922749E-05
  3.02400000E+00  6.44262665E-02  1.29381935E-04  3.02400000E+00  6.22555061E-02  2.39362614E-04  3.02400000E+00  5.99735037E-02  1.10571347E-04  3.02400000E+00  5.90540282E-02  1.82236290E-04  3.02400000E+00  6.03942155E-02  2.92079812E-05  3.02400000E+00  6.13072466E-02  1.29451295E-05  3.02400000E+00  6.18338422E-02  1.66323154E-05
  3.10200000E+00  6.84493298E-02  1.40387414E-04  3.10200000E+00  6.31602538E-02  2.44780543E-04  3.10200000E+00  6.10150576E-02  1.02866916E-04  3.10200000E+00  5.91683862E-02  1.68057999E-04  3.10200000E+00  6.09697507E-02  3.10810248E-05  3.10200000E+00  6.30241850E-02  1.29470725E-05  3.10200000E+00  6.32107246E-02  1.63249994E-05
  3.18000000E+00  7.09518856E-02  1.47938054E-04  3.18000000E+00  6.24493508E-02  2.34231392E-04  3.18000000E+00  6.05099108E-02  1.15690804E-04  3.18000000E+00  5.76429810E-02  1.68083632E-04  3.18000000E+00  5.99944601E-02  3.21146681E-05  3.18000000E+00  6.31768403E-02  1.28110939E-05  3.18000000E+00  6.29940258E-02  1.69747701E-05
  3.25700000E+00  7.17398198E-02  1.56067764E-04  3.25700000E+00  6.01601457E-02  2.21117221E-04  3.25700000E+00  5.85198172E-02  1.35195464E-04  3.25700000E+00  5.47380407E-02  1.66515256E-04  3.25700000E+00  5.75158733E-02  3.20327277E-05  3.25700000E+00  6.17410589E-02  1.27853547E-05  3.25700000E+00  6.11686686E-02  1.70044323E-05
  3.33500000E+00  7.07182199E-02  1.56051327E-04  3.33500000E+00  5.63732243E-02  2.18426323E-04  3.33500000E+00  5.51026085E-02  1.59424892E-04  3.33500000E+00  5.06015198E-02  1.71909070E-04  3.33500000E+00  5.37091536E-02  3.09146957E-05  3.33500000E+00  5.88154164E-02  1.35251082E-05  3.33500000E+00  5.78628756E-02  1.75306058E-05
  3.41200000E+00  6.78396622E-02  1.70385908E-04  3.41200000E+00  5.14791322E-02  2.08159574E-04  3.41200000E+00  5.05012082E-02  1.83957440E-04  3.41200000E+00  4.55631879E-02  1.95081718E-04  3.41200000E+00  4.88364249E-02  2.93663603E-05  3.41200000E+00  5.45898826E-02  1.45332293E-05  3.41200000E+00  5.32993697E-02  1.77870669E-05
  3.49000000E+00  6.33745190E-02  1.61646964E-04  3.49000000E+00  4.57578331E-02  2.02271884E-04  3.49000000E+00  4.51166130E-02  1.98990164E-04  3.49000000E+00  3.99092921E-02  2.00643380E-04  3.49000000E+00  4.32160520E-02  2.69578106E-05  3.49000000E+00  4.93685771E-02  1.49584729E-05  3.49000000E+00  4.77852636E-02  1.68272047E-05
  3.56700000E+00  5.76153001E-02  1.52136695E-04  3.56700000E+00  3.95536124E-02  1.83374895E-04  3.56700000E+00  3.91949830E-02  2.05281274E-04  3.56700000E+00  3.39455468E-02  2.04203981E-04  3.56700000E+00  3.72121312E-02  2.42251300E-05  3.56700000E+00  4.34756328E-02  1.60177996E-05  3.56700000E+00  4.16866542E-02  1.70275880E-05
  3.64500000E+00  5.09708492E-02  1.44748131E-04  3.64500000E+00  3.33044848E-02  1.70859564E-04  3.64500000E+00  3.31580500E-02  2.05956787E-04  3.64500000E+00  2.82121847E-02  2.01955426E-04  3.64500000E+00  3.11791412E-02  2.16046454E-05  3.64500000E+00  3.72860822E-02  1.58548270E-05  3.64500000E+00  3.53791676E-02  1.61935374E-05
  3.72200000E+00  4.38069182E-02  1.36740496E-04  3.72200000E+00  2.72949626E-02  1.59767734E-04  3.72200000E+00  2.72951084E-02  1.91272351E-04  3.72200000E+00  2.27660579E-02  1.91860402E-04  3.72200000E+00  2.54208051E-02  1.91162283E-05  3.72200000E+00  3.11396127E-02  1.55653802E-05  3.72200000E+00  2.92004164E-02  1.54460381E-05
  3.80000000E+00  3.66147248E-02  1.24789709E-04  3.80000000E+00  2.18028066E-02  1.44185299E-04  3.80000000E+00  2.18589220E-02  1.75106366E-04  3.80000000E+00  1.79000210E-02  1.78346720E-04  3.80000000E+00  2.01864103E-02  1.66659797E-05  3.80000000E+00  2.53313850E-02  1.47184481E-05  3.80000000E+00  2.34429588E-02  1.42849827E-05
  3.87700000E+00  2.97781466E-02  1.15755292E-04  3.87700000E+00  1.70003380E-02  1.32714626E-04  3.87700000E+00  1.70296320E-02  1.48489466E-04  3.87700000E+00  1.37946806E-02  1.59881794E-04  3.87700000E+00  1.56334835E-02  1.42892202E-05  3.87700000E+00  2.00827154E-02  1.37264508E-05  3.87700000E+00  1.83212436E-02  1.24953611E-05
  3.95500000E+00  2.35188208E-02  1.04087432E-04  3.95500000E+00  1.29388987E-02  1.18183206E-04  3.95500000E+00  1.29557321E-02  1.27461525E-04  3.95500000E+00  1.04256554E-02  1.36570435E-04  3.95500000E+00  1.18408426E-02  1.21516081E-05  3.95500000E+00  1.55344302E-02  1.23786168E-05  3.95500000E+00  1.39545886E-02  1.09137169E-05
  4.03300000E+00  1.80555905E-02  9.11698613E-05  4.03300000E+00  9.69801890E-03  1.05010177E-04  4.03300000E+00  9.65332248E-03  1.02563456E-04  4.03300000E+00  7.79408583E-03  1.17322822E-04  4.03300000E+00  8.82230917E-03  1.06702312E-05  4.03300000E+00  1.17560273E-02  1.07285774E-05  4.03300000E+00  1.03895110E-02  9.07348690E-06
  4.11000000E+00  1.34690477E-02  7.82888310E-05  4.11000000E+00  7.20122537E-03  9.44695604E-05  4.11000000E+00  7.08054960E-03  7.93709922E-05  4.11000000E+00  5.86289832E-03  9.65262555E-05  4.11000000E+00  6.53537264E-03  9.47236099E-06  4.11000000E+00  8.74532690E-03  9.08038256E-06  4.11000000E+00  7.60643283E-03  7.52441067E-06
  4.18800000E+00  9.81319082E-03  6.57784445E-05  4.18800000E+00  5.37958174E-03  8.22143919E-05  4.18800000E+00  5.19308998E-03  5.90014018E-05  4.18800000E+00  4.55291766E-03  8.63998651E-05  4.18800000E+00  4.90042530E-03  8.61973676E-06  4.18800000E+00  6.45013030E-03  7.57336730E-06  4.18800000E+00  5.53893518E-03  6.00737120E-06
  4.26500000E+00  6.99806208E-03  5.13385914E-05  4.26500000E+00  4.13455479E-03  7.20537498E-05  4.26500000E+00  3.89915354E-03  4.32599866E-05  4.26500000E+00  3.77101812E-03  7.58756166E-05  4.26500000E+00  3.82733426E-03  8.11950545E-06  4.26500000E+00  4.79216812E-03  6.22794756E-06  4.26500000E+00  4.09838097E-03  4.89757311E-06
  4.34300000E+00  4.93039856E-03  4.21267135E-05  4.34300000E+00  3.38415474E-03  6.40358920E-05  4.34300000E+00  3.11004886E-03  3.43286426E-05  4.34300000E+00  3.42415191E-03  7.06176184E-05  4.34300000E+00  3.22758591E-03  7.86583310E-06  4.34300000E+00  3.68585326E-03  5.19220370E-06  4.34300000E+00  3.18549702E-03  4.21986218E-06
  4.42000000E+00  3.47521631E-03  3.17713469E-05  4.42000000E+00  3.04145655E-03  5.85493996E-05  4.42000000E+00  2.73707751E-03  3.01822915E-05  4.42000000E+00  3.42997502E-03  6.80115838E-05  4.42000000E+00  3.02335665E-03  7.78633556E-06  4.42000000E+00  3.04358170E-03  4.49048164E-06  4.42000000E+00  2.71457898E-03  3.86833298E-06
  4.49800000E+00  2.57057383E-03  2.67320517E-05  4.49800000E+00  3.05561792E-03  5.38504994E-05  4.49800000E+00  2.72961539E-03  3.07552770E-05  4.49800000E+00  3.76252970E-03  6.69083281E-05  4.49800000E+00  3.16220222E-03  8.08690013E-06  4.49800000E+00  2.79734899E-03  3.95342131E-06  4.49800000E+00  2.61387286E-03  3.87737239E-06
  4.57500000E+00  2.08321066E-03  2.64541330E-05  4.57500000E+00  3.38922481E-03  5.09351657E-05  4.57500000E+00  3.03509046E-03  3.56149118E-05  4.57500000E+00  4.38326736E-03  6.70698588E-05  4.57500000E+00  3.60876125E-03  8.49769051E-06  4.57500000E+00  2.89770540E-03  3.86136701E-06  4.57500000E+00  2.83764821E-03  4.08494145E-06
  4.65300000E+00  1.96375823E-03  2.77585229E-05  4.65300000E+00  4.04818870E-03  5.09387378E-05  4.65300000E+00  3.62882935E-03  4.09022527E-05  4.65300000E+00  5.27221504E-03  6.95287088E-05  4.65300000E+00  4.35287339E-03  9.02320999E-06  4.65300000E+00  3.31924636E-03  4.04542090E-06  4.65300000E+00  3.36594559E-03  4.52891287E-06
  4.73100000E+00  2.18905054E-03  3.15965660E-05  4.73100000E+00  5.00724501E-03  5.09416440E-05  4.73100000E+00  4.52011275E-03  4.69489693E-05  4.73100000E+00  6.47462150E-03  7.25163966E-05  4.73100000E+00  5.40486137E-03  9.48537709E-06  4.73100000E+00  4.06047361E-03  4.35795262E-06  4.73100000E+00  4.19989544E-03  5.01240541E-06
  4.80800000E+00  2.74550572E-03  3.87982650E-05  4.80800000E+00  6.32903010E-03  5.27745398E-05  4.80800000E+00  5.72609185E-03  5.23214880E-05  4.80800000E+00  7.98543057E-03  7.39241949E-05  4.80800000E+00  6.78849912E-03  1.02342517E-05  4.80800000E+00  5.13981967E-03  4.85997600E-06  4.80800000E+00  5.36353031E-03  5.56532160E-06
  4.88600000E+00  3.67632639E-03  4.45736944E-05  4.88600000E+00  8.01521941E-03  5.34894832E-05  4.88600000E+00  7.27338522E-03  5.88821027E-05  4.88600000E+00  9.85354182E-03  8.19532247E-05  4.88600000E+00  8.54569932E-03  1.08006644E-05  4.88600000E+00  6.59032576E-03  5.28836105E-06  4.88600000E+00  6.89318524E-03  6.16650884E-06
  4.96300000E+00  5.02542264E-03  5.09286573E-05  4.96300000E+00  1.01365331E-02  5.74865964E-05  4.96300000E+00  9.23087974E-03  6.41064025E-05  4.96300000E+00  1.20933094E-02  8.35956832E-05  4.96300000E+00  1.07202364E-02  1.11809256E-05  4.96300000E+00  8.45967110E-03  5.70317469E-06  4.96300000E+00  8.84329419E-03  6.74605884E-06
  5.04100000E+00  6.86506585E-03  5.82005330E-05  5.04100000E+00  1.27331413E-02  6.05352523E-05  5.04100000E+00  1.16359152E-02  7.24648351E-05  5.04100000E+00  1.48020489E-02  8.54726645E-05  5.04100000E+00  1.33609943E-02  1.17580302E-05  5.04100000E+00  1.08063700E-02  6.32693855E-06  5.04100000E+00  1.12720721E-02  7.35198279E-06
  5.11800000E+00  9.27966652E-03  6.37297447E-05  5.11800000E+00  1.58563607E-02  6.71251197E-05  5.11800000E+00  1.45244313E-02  7.79488406E-05  5.11800000E+00  1.79894696E-02  8.91197634E-05  5.11800000E+00  1.65142434E-02  1.15785426E-05  5.11800000E+00  1.36869000E-02  6.74648684E-06  5.11800000E+00  1.42405758E-02  7.76006364E-06
  5.19600000E+00  1.23729481E-02  7.19469164E-05  5.19600000E+00  1.95499848E-02  7.26655100E-05  5.19600000E+00  1.79377704E-02  7.91659968E-05  5.19600000E+00  2.17070288E-02  8.51778657E-05  5.19600000E+00  2.02212000E-02  1.18204655E-05  5.19600000E+00  1.71467729E-02  7.34036811E-06  5.19600000E+00  1.77967312E-02  8.01396387E-06
  5.27300000E+00  1.62049556E-02  7.30716380E-05  5.27300000E+00  2.38136123E-02  7.75615019E-05  5.27300000E+00  2.19704513E-02  7.96998751E-05  5.27300000E+00  2.59323057E-02  8.81160859E-05  5.27300000E+00  2.44901693E-02  1.14434261E-05  5.27300000E+00  2.12228981E-02  7.95106755E-06  5.27300000E+00  2.19818823E-02  8.50914130E-06
  5.35100000E+00  2.08081348E-02  7.61093382E-05  5.35100000E+00  2.86909422E-02  8.78835231E-05  5.35100000E+00  2.65917195E-02  8.03553180E-05  5.35100000E+00  3.07054241E-02  8.46520471E-05  5.35100000E+00  2.93163837E-02  1.09338422E-05  5.35100000E+00  2.59144726E-02  8.22915723E-06  5.35100000E+00  2.67934942E-02  8.78710284E-06
  5.42800000E+00  2.62205261E-02  7.92532814E-05  5.42800000E+00  3.40283764E-02  9.29374028E-05  5.42800000E+00  3.17504661E-02  7.43108020E-05  5.42800000E+00  3.59319122E-02  8.79474052E-05  5.42800000E+00  3.46501616E-02  1.02168117E-05  5.42800000E+00  3.11870131E-02  8.50892562E-06  5.42800000E+00  3.22082966E-02  8.97731652E-06
  5.50600000E+00  3.23412668E-02  7.82616299E-05  5.50600000E+00  3.97982152E-02  9.62283261E-05  5.50600000E+00  3.73857333E-02  7.49632496E-05  5.50600000E+00  4.15547468E-02  8.79343645E-05  5.50600000E+00  4.03849762E-02  9.73041951E-06  5.50600000E+00  3.69553265E-02  8.64185315E-06  5.50600000E+00  3.81288931E-02  9.20470663E-06
  5.58400000E+00  3.90939971E-02  7.70499491E-05  5.58400000E+00  4.58557003E-02  9.69348190E-05  5.58400000E+00  4.33615129E-02  7.00514762E-05  5.58400000E+00  4.73363858E-02  9.02336364E-05  5.58400000E+00  4.63748678E-02  9.30209581E-06  5.58400000E+00  4.30760500E-02  8.48080187E-06  5.58400000E+00  4.44204758E-02  9.32900071E-06
  5.66100000E+00  4.62124020E-02  7.80524976E-05  5.66100000E+00  5.19321215E-02  1.05239143E-04  5.66100000E+00  4.94983453E-02  7.47345110E-05  5.66100000E+00  5.32279984E-02  9.95706882E-05  5.66100000E+00  5.24048845E-02  8.70261183E-06  5.66100000E+00  4.93362598E-02  8.46648772E-06  5.66100000E+00  5.08655927E-02  9.13008205E-06
  5.73900000E+00  5.34172561E-02  8.09453750E-05  5.73900000E+00  5.77585090E-02  1.05640385E-04  5.73900000E+00  5.55513480E-02  7.51569225E-05  5.73900000E+00  5.88695398E-02  1.28686215E-04  5.73900000E+00  5.81999725E-02  8.99748715E-06  5.73900000E+00  5.54543450E-02  8.13534506E-06  5.73900000E+00  5.71779127E-02  9.28673274E-06
  5.81600000E+00  6.02391514E-02  8.01268619E-05  5.81600000E+00  6.30461095E-02  1.03024884E-04  5.81600000E+00  6.12167994E-02  7.23999484E-05  5.81600000E+00  6.39770745E-02  1.50913454E-04  5.81600000E+00  6.34445476E-02  1.05763836E-05  5.81600000E+00  6.11089868E-02  8.06420076E-06  5.81600000E+00  6.30171166E-02  9.30415824E-06
  5.89400000E+00  6.63679956E-02  8.02057553E-05  5.89400000E+00  6.74259507E-02  1.00065520E-04  5.89400000E+00  6.62108581E-02  6.85832801E-05  5.89400000E+00  6.82754077E-02  1.70816111E-04  5.89400000E+00  6.77949028E-02  1.37276337E-05  5.89400000E+00  6.59383333E-02  7.52969605E-06  5.89400000E+00  6.80237066E-02  9.27648579E-06
  5.97100000E+00  7.12635975E-02  7.81492603E-05  5.97100000E+00  7.05318507E-02  9.63702065E-05  5.97100000E+00  7.00548542E-02  6.79297308E-05  5.97100000E+00  7.13658846E-02  1.92886363E-04  5.97100000E+00  7.09043650E-02  1.60352870E-05  5.97100000E+00  6.95832277E-02  7.58406508E-06  5.97100000E+00  7.18087785E-02  9.08714358E-06
  6.04900000E+00  7.45686227E-02  7.83527094E-05  6.04900000E+00  7.20834350E-02  9.95877549E-05  6.04900000E+00  7.24963743E-02  6.77020974E-05  6.04900000E+00  7.29223739E-02  2.14027695E-04  6.04900000E+00  7.24768816E-02  1.84932826E-05  6.04900000E+00  7.17282091E-02  7.67071757E-06  6.04900000E+00  7.40405776E-02  9.14577039E-06
  6.12600000E+00  7.59533615E-02  8.16159195E-05  6.12600000E+00  7.18916703E-02  1.01376011E-04  6.12600000E+00  7.32919455E-02  7.04348163E-05  6.12600000E+00  7.27733141E-02  2.24056104E-04  6.12600000E+00  7.22882707E-02  2.07993811E-05  6.12600000E+00  7.21156410E-02  8.75467898E-06  6.12600000E+00  7.44621579E-02  8.96641930E-06
  6.20400000E+00  7.52072178E-02  7.61529528E-05  6.20400000E+00  6.98656658E-02  1.10455546E-04  6.20400000E+00  7.21976095E-02  7.71481566E-05  6.20400000E+00  7.08232436E-02  2.33886485E-04  6.20400000E+00  7.02447058E-02  2.27616450E-05  6.20400000E+00  7.06451817E-02  9.39941583E-06  6.20400000E+00  7.29320931E-02  9.79625824E-06
  6.28200000E+00  7.23314552E-02  8.06134656E-05  6.28200000E+00  6.60616167E-02  1.22335199E-04  6.28200000E+00  6.92236841E-02  8.32169611E-05  6.28200000E+00  6.71061634E-02  2.34934763E-04  6.28200000E+00  6.63874286E-02  2.38699938E-05  6.28200000E+00  6.73231735E-02  9.76567465E-06  6.28200000E+00  6.94780461E-02  1.00251956E-05
  6.35900000E+00  6.74671705E-02  7.95166664E-05  6.35900000E+00  6.06203962E-02  1.38471240E-04  6.35900000E+00  6.45593092E-02  9.49430756E-05  6.35900000E+00  6.17715537E-02  2.36255527E-04  6.35900000E+00  6.09279517E-02  2.37408736E-05  6.35900000E+00  6.23365257E-02  1.05585504E-05  6.35900000E+00  6.42705811E-02  1.05465707E-05
  6.43700000E+00  6.09558220E-02  8.55442921E-05  6.43700000E+00  5.39541484E-02  1.29656180E-04  6.43700000E+00  5.84787273E-02  9.59445035E-05  6.43700000E+00  5.51678365E-02  2.20201114E-04  6.43700000E+00  5.42070513E-02  2.25092465E-05  6.43700000E+00  5.60067372E-02  1.05115909E-05  6.43700000E+00  5.76599942E-02  9.84945420E-06
  6.51400000E+00  5.33052529E-02  9.09661949E-05  6.51400000E+00  4.65770840E-02  1.32430147E-04  6.51400000E+00  5.12896266E-02  8.71530410E-05  6.51400000E+00  4.77241452E-02  2.02082522E-04  6.51400000E+00  4.66883223E-02  2.06593789E-05  6.51400000E+00  4.87726886E-02  1.01700540E-05  6.51400000E+00  5.00984904E-02  9.88240533E-06
  6.59200000E+00  4.50640323E-02  8.54657604E-05  6.59200000E+00  3.88362899E-02  1.22755828E-04  6.59200000E+00  4.36107190E-02  8.48042700E-05  6.59200000E+00  3.99323031E-02  1.78767159E-04  6.59200000E+00  3.88679093E-02  1.85010512E-05  6.59200000E+00  4.11214413E-02  9.29886717E-06  6.59200000E+00  4.21075833E-02  9.28175912E-06
  6.66900000E+00  3.67928525E-02  8.00141119E-05  6.66900000E+00  3.13259096E-02  1.18425449E-04  6.66900000E+00  3.58402877E-02  7.95679601E-05  6.66900000E+00  3.22826333E-02  1.52322969E-04  6.66900000E+00  3.12345115E-02  1.56750235E-05  6.66900000E+00  3.35327187E-02  8.38421642E-06  6.66900000E+00  3.41931476E-02  8.33333078E-06
  6.74700000E+00  2.90382411E-02  7.23934519E-05  6.74700000E+00  2.43744064E-02  9.99802146E-05  6.74700000E+00  2.84535568E-02  7.37804230E-05  6.74700000E+00  2.51571369E-02  1.25596119E-04  6.74700000E+00  2.42068614E-02  1.29394923E-05  6.74700000E+00  2.64370222E-02  7.31180512E-06  6.74700000E+00  2.68057301E-02  7.42218539E-06
  6.82400000E+00  2.21112861E-02  6.24985567E-05  6.82400000E+00  1.83196027E-02  8.58195517E-05  6.82400000E+00  2.18121881E-02  6.75507335E-05  6.82400000E+00  1.89125464E-02  9.95768208E-05  6.82400000E+00  1.80772745E-02  1.00531300E-05  6.82400000E+00  2.01435021E-02  6.28437184E-06  6.82400000E+00  2.02713582E-02  6.36249336E-06
  6.90200000E+00  1.62377755E-02  5.43258767E-05  6.90200000E+00  1.32873712E-02  7.57204420E-05  6.90200000E+00  1.61626730E-02  5.66853482E-05  6.90200000E+00  1.36942836E-02  7.43462669E-05  6.90200000E+00  1.30105404E-02  7.58022029E-06  6.90200000E+00  1.48373352E-02  5.22334094E-06  6.90200000E+00  1.47908224E-02  5.31071044E-06
  6.97900000E+00  1.15092317E-02  4.58315851E-05  6.97900000E+00  9.30713449E-03  6.00855196E-05  6.97900000E+00  1.15489194E-02  4.70971846E-05  6.97900000E+00  9.57147902E-03  5.43007707E-05  6.97900000E+00  9.03091962E-03  5.57274651E-06  6.97900000E+00  1.05754011E-02  4.28034009E-06  6.97900000E+00  1.04170660E-02  4.32744419E-06
  7.05700000E+00  7.89485770E-03  3.58767456E-05  7.05700000E+00  6.33691435E-03  4.78371926E-05  7.05700000E+00  8.00564477E-03  3.77696750E-05  7.05700000E+00  6.46473029E-03  3.84890645E-05  7.05700000E+00  6.06256323E-03  3.94094188E-06  7.05700000E+00  7.31307931E-03  3.39725097E-06  7.05700000E+00  7.09352115E-03  3.41302271E-06
  7.13500000E+00  5.25541065E-03  2.81259684E-05  7.13500000E+00  4.19784058E-03  3.93745818E-05  7.13500000E+00  5.37898419E-03  3.00304857E-05  7.13500000E+00  4.23254454E-03  2.61850223E-05  7.13500000E+00  3.96370274E-03  2.79237710E-06  7.13500000E+00  4.93061762E-03  2.63467433E-06  7.13500000E+00  4.69023265E-03  2.60819968E-06
  7.21200000E+00  3.42101364E-03  2.21911417E-05  7.21200000E+00  2.74911175E-03  3.20335915E-05  7.21200000E+00  3.53549598E-03  2.44169255E-05  7.21200000E+00  2.72058207E-03  1.80630056E-05  7.21200000E+00  2.56541670E-03  2.07354188E-06  7.21200000E+00  3.27715916E-03  2.06659777E-06  7.21200000E+00  3.04114085E-03  1.95475525E-06
  7.29000000E+00  2.21522315E-03  1.77011900E-05  7.29000000E+00  1.83839004E-03  2.50840143E-05  7.29000000E+00  2.31895054E-03  1.84939287E-05  7.29000000E+00  1.77168689E-03  1.42078325E-05  7.29000000E+00  1.70498975E-03  1.73487631E-06  7.29000000E+00  2.19559709E-03  1.64418754E-06  7.29000000E+00  1.97671799E-03  1.47496548E-06
  7.36700000E+00  1.48309809E-03  1.35861313E-05  7.36700000E+00  1.32965621E-03  1.92250468E-05  7.36700000E+00  1.58718860E-03  1.40512638E-05  7.36700000E+00  1.24449336E-03  1.29653321E-05  7.36700000E+00  1.24725246E-03  1.85013068E-06  7.36700000E+00  1.55456985E-03  1.33396495E-06  7.36700000E+00  1.35333284E-03  1.19608716E-06
  7.44500000E+00  1.11340671E-03  1.03794369E-05  7.44500000E+00  1.13026730E-03  1.58689008E-05  7.44500000E+00  1.21278443E-03  1.14027775E-05  7.44500000E+00  1.03377572E-03  1.46722736E-05  7.44500000E+00  1.09631464E-03  2.08549080E-06  7.44500000E+00  1.25161977E-03  1.19038845E-06  7.44500000E+00  1.06352498E-03  1.10690234E-06
  7.52200000E+00  1.02618011E-03  9.77409682E-06  7.52200000E+00  1.18510943E-03  1.59385980E-05  7.52200000E+00  1.13532747E-03  9.82542777E-06  7.52200000E+00  1.08468453E-03  1.75332969E-05  7.52200000E+00  1.19817773E-03  2.44660628E-06  7.52200000E+00  1.22667191E-03  1.17288916E-06  7.52200000E+00  1.04206169E-03  1.20460270E-06
  7.60000000E+00  1.18353455E-03  1.10964444E-05  7.60000000E+00  1.48774633E-03  1.60149267E-05  7.60000000E+00  1.32029183E-03  1.04935608E-05  7.60000000E+00  1.37203688E-03  2.22245369E-05  7.60000000E+00  1.53766807E-03  2.89347504E-06  7.60000000E+00  1.45581032E-03  1.28296999E-06  7.60000000E+00  1.26446365E-03  1.35714275E-06
  7.67700000E+00  1.59846615E-03  1.23643926E-05  7.67700000E+00  2.05568390E-03  1.91671821E-05  7.67700000E+00  1.77049919E-03  1.40840252E-05  7.67700000E+00  1.92165661E-03  2.74136159E-05  7.67700000E+00  2.13801830E-03  3.52095653E-06  7.67700000E+00  1.95223073E-03  1.53091736E-06  7.67700000E+00  1.74385996E-03  1.59521563E-06
  7.75500000E+00  2.30383797E-03  1.50788403E-05  7.75500000E+00  2.94369516E-03  2.31889671E-05  7.75500000E+00  2.53166190E-03  1.73965018E-05  7.75500000E+00  2.78934325E-03  3.61901929E-05  7.75500000E+00  3.05509741E-03  4.16839259E-06  7.75500000E+00  2.76484852E-03  1.78676141E-06  7.75500000E+00  2.53245972E-03  1.91842255E-06
  7.83300000E+00  3.38794146E-03  1.70583408E-05  7.83300000E+00  4.23683415E-03  2.59499644E-05  7.83300000E+00  3.70599408E-03  2.13497249E-05  7.83300000E+00  4.05775400E-03  4.41148332E-05  7.83300000E+00  4.37603063E-03  4.91382312E-06  7.83300000E+00  3.97475776E-03  2.17765965E-06  7.83300000E+00  3.71378164E-03  2.33454051E-06
  7.91000000E+00  4.97107686E-03  2.00592686E-05  7.91000000E+00  6.06089282E-03  3.14990115E-05  7.91000000E+00  5.37956367E-03  2.36835732E-05  7.91000000E+00  5.83417772E-03  5.23121705E-05  7.91000000E+00  6.21551429E-03  5.80696112E-06  7.91000000E+00  5.69586621E-03  2.53792671E-06  7.91000000E+00  5.40650831E-03  2.69363401E-06
  7.98800000E+00  7.17795021E-03  2.32118050E-05  7.98800000E+00  8.54016421E-03  3.60198886E-05  7.98800000E+00  7.70771409E-03  2.92790603E-05  7.98800000E+00  8.28394417E-03  6.15969495E-05  7.98800000E+00  8.71812440E-03  6.42583748E-06  7.98800000E+00  8.06810226E-03  2.97322039E-06  7.98800000E+00  7.75941325E-03  3.30782159E-06
  8.06500000E+00  1.01862151E-02  2.94169438E-05  8.06500000E+00  1.18557436E-02  4.19169132E-05  8.06500000E+00  1.08438403E-02  3.24893261E-05  8.06500000E+00  1.15549063E-02  7.09256507E-05  8.06500000E+00  1.20460043E-02  7.13021094E-06  8.06500000E+00  1.12530580E-02  3.40460696E-06  8.06500000E+00  1.09367823E-02  3.68027318E-06
  8.14300000E+00  1.42142106E-02  3.23385229E-05  8.14300000E+00  1.61730588E-02  4.64347689E-05  8.14300000E+00  1.49682415E-02  3.77961713E-05  8.14300000E+00  1.58289660E-02  7.88706671E-05  8.14300000E+00  1.63694728E-02  7.53329699E-06  8.14300000E+00  1.54249309E-02  3.93046805E-06  8.14300000E+00  1.51268016E-02  4.23017686E-06
  8.22000000E+00  1.93898218E-02  3.63057884E-05  8.22000000E+00  2.16372290E-02  4.60127590E-05  8.22000000E+00  2.02736987E-02  4.06828433E-05  8.22000000E+00  2.12504945E-02  8.45726385E-05  8.22000000E+00  2.18557982E-02  7.71587809E-06  8.22000000E+00  2.07480005E-02  4.09531308E-06  8.22000000E+00  2.05001669E-02  4.83041451E-06
  8.29800000E+00  2.59274125E-02  3.79296159E-05  8.29800000E+00  2.83726567E-02  4.99332429E-05  8.29800000E+00  2.68748487E-02  4.50274686E-05  8.29800000E+00  2.79574737E-02  8.56078013E-05  8.29800000E+00  2.86378830E-02  7.83519187E-06  8.29800000E+00  2.73507501E-02  4.29196757E-06  8.29800000E+00  2.71973204E-02  5.31729855E-06
  8.37500000E+00  3.38378795E-02  4.03181224E-05  8.37500000E+00  3.64341250E-02  5.35087628E-05  8.37500000E+00  3.48662386E-02  4.33045466E-05  8.37500000E+00  3.60111748E-02  8.70301160E-05  8.37500000E+00  3.67776834E-02  7.28249701E-06  8.37500000E+00  3.52955704E-02  4.35316463E-06  8.37500000E+00  3.52850341E-02  5.36098138E-06
  8.45300000E+00  4.31252417E-02  4.08348819E-05  8.45300000E+00  4.57748827E-02  5.48441170E-05  8.45300000E+00  4.41786098E-02  4.68977606E-05  8.45300000E+00  4.54056149E-02  8.20513223E-05  8.45300000E+00  4.62298893E-02  6.86232381E-06  8.45300000E+00  4.45345257E-02  4.31582571E-06  8.45300000E+00  4.47215167E-02  5.39288748E-06
  8.53000000E+00  5.35959640E-02  4.32088754E-05  8.53000000E+00  5.61446157E-02  5.30040867E-05  8.53000000E+00  5.46276794E-02  4.42131479E-05  8.53000000E+00  5.58937192E-02  6.83977140E-05  8.53000000E+00  5.67993666E-02  6.24861089E-06  8.53000000E+00  5.48582218E-02  4.33822451E-06  8.53000000E+00  5.52887433E-02  5.82148374E-06
  8.60800000E+00  6.48567916E-02  3.98167479E-05  8.60800000E+00  6.71649503E-02  4.93219589E-05  8.60800000E+00  6.57730886E-02  3.96279055E-05  8.60800000E+00  6.70094152E-02  5.67637266E-05  8.60800000E+00  6.80834078E-02  5.48251892E-06  8.60800000E+00  6.58587770E-02  4.00211561E-06  8.60800000E+00  6.65765643E-02  4.73654402E-06
  8.68600000E+00  7.61950302E-02  4.05895989E-05  8.68600000E+00  7.81353251E-02  5.08639208E-05  8.68600000E+00  7.70702235E-02  4.42185723E-05  8.68600000E+00  7.82014865E-02  5.49645947E-05  8.68600000E+00  7.94601155E-02  4.56410872E-06  8.68600000E+00  7.69142182E-02  3.78159208E-06  8.68600000E+00  7.79428500E-02  4.47050668E-06
  8.76300000E+00  8.68405312E-02  3.42549311E-05  8.76300000E+00  8.82801693E-02  5.73540259E-05  8.76300000E+00  8.75808918E-02  3.49093854E-05  8.76300000E+00  8.84973713E-02  4.53885869E-05  8.76300000E+00  9.00830370E-02  4.78831100E-06  8.76300000E+00  8.71800765E-02  3.99364600E-06  8.76300000E+00  8.85239377E-02  4.19454903E-06
  8.84100000E+00  9.57407389E-02  3.51025697E-05  8.84100000E+00  9.65945205E-02  6.01768075E-05  8.84100000E+00  9.63111389E-02  4.06427632E-05  8.84100000E+00  9.70246833E-02  5.70753280E-05  8.84100000E+00  9.89281209E-02  5.61592267E-06  8.84100000E+00  9.56544975E-02  3.99639896E-06  8.84100000E+00  9.72796306E-02  4.41440976E-06
  8.91800000E+00  1.01760206E-01  3.86810432E-05  8.91800000E+00  1.01978177E-01  7.52089798E-05  8.91800000E+00  1.02137444E-01  4.28894526E-05  8.91800000E+00  1.02660215E-01  6.43805136E-05  8.91800000E+00  1.04894558E-01  6.82808393E-06  8.91800000E+00  1.01266456E-01  4.36295990E-06  8.91800000E+00  1.03117750E-01  5.00590240E-06
  8.99600000E+00  1.03857299E-01  4.88086442E-05  8.99600000E+00  1.03488098E-01  8.56082830E-05  8.99600000E+00  1.04113316E-01  5.45771648E-05  8.99600000E+00  1.04361771E-01  7.41475051E-05  8.99600000E+00  1.06978931E-01  8.71383469E-06  8.99600000E+00  1.03056522E-01  4.91491759E-06  8.99600000E+00  1.05043903E-01  5.93564916E-06
  9.07300000E+00  1.01367717E-01  5.16454802E-05  9.07300000E+00  1.00576282E-01  8.67992988E-05  9.07300000E+00  1.01567892E-01  6.31616648E-05  9.07300000E+00  1.01569522E-01  8.93172096E-05  9.07300000E+00  1.04448520E-01  9.02540470E-06  9.07300000E+00  1.00361445E-01  5.48556779E-06  9.07300000E+00  1.02375063E-01  6.94992291E-06
  9.15100000E+00  9.41481508E-02  5.53785252E-05  9.15100000E+00  9.30468710E-02  9.12617030E-05  9.15100000E+00  9.42459663E-02  7.09398502E-05  9.15100000E+00  9.40982800E-02  9.32273027E-05  9.15100000E+00  9.70858788E-02  8.99668505E-06  9.15100000E+00  9.30163515E-02  5.85486290E-06  9.15100000E+00  9.49333579E-02  6.59990253E-06
  9.22800000E+00  8.26290730E-02  4.82885639E-05  9.22800000E+00  8.14106055E-02  9.71500233E-05  9.22800000E+00  8.26376637E-02  6.89304973E-05  9.22800000E+00  8.24390955E-02  8.99493052E-05  9.22800000E+00  8.53413847E-02  8.07340743E-06  9.22800000E+00  8.15062763E-02  5.49191356E-06  9.22800000E+00  8.32220342E-02  6.42780477E-06
  9.30600000E+00  6.79221524E-02  4.65376060E-05  9.30600000E+00  6.68265978E-02  8.54874326E-05  9.30600000E+00  6.79460799E-02  6.88708590E-05  9.30600000E+00  6.76284715E-02  7.10284640E-05  9.30600000E+00  7.03617958E-02  7.34610259E-06  9.30600000E+00  6.69814735E-02  5.11469530E-06  9.30600000E+00  6.84105230E-02  6.27194886E-06
  9.38400000E+00  5.18629297E-02  4.04543259E-05  9.38400000E+00  5.09239692E-02  6.90667204E-05  9.38400000E+00  5.18927103E-02  6.11524249E-05  9.38400000E+00  5.15573841E-02  5.84293938E-05  9.38400000E+00  5.38607775E-02  5.81030457E-06  9.38400000E+00  5.10999730E-02  4.01504846E-06  9.38400000E+00  5.22007928E-02  5.16795671E-06
  9.46100000E+00  3.62869870E-02  3.25040324E-05  9.46100000E+00  3.55552401E-02  5.31505835E-05  9.46100000E+00  3.63146669E-02  4.55320832E-05  9.46100000E+00  3.60370453E-02  4.27442981E-05  9.46100000E+00  3.77884245E-02  4.40501880E-06  9.46100000E+00  3.57295331E-02  3.07334638E-06  9.46100000E+00  3.65030028E-02  3.88178606E-06
  9.53900000E+00  2.28832284E-02  2.27674628E-05  9.53900000E+00  2.23516102E-02  3.47129785E-05  9.53900000E+00  2.28959635E-02  3.00848483E-05  9.53900000E+00  2.26888082E-02  2.97631307E-05  9.53900000E+00  2.38906286E-02  3.04374499E-06  9.53900000E+00  2.25140842E-02  2.09243588E-06  9.53900000E+00  2.30041822E-02  2.62565075E-06
  9.61600000E+00  1.27155985E-02  1.35069811E-05  9.61600000E+00  1.24015700E-02  2.29669965E-05  9.61600000E+00  1.27247146E-02  1.78956525E-05  9.61600000E+00  1.25823062E-02  2.03622233E-05  9.61600000E+00  1.33074573E-02  1.78905389E-06  9.61600000E+00  1.24978553E-02  1.35907376E-06  9.61600000E+00  1.27694854E-02  1.67954416E-06
  9.69400000E+00  6.02896004E-03  7.67158530E-06  9.69400000E+00  5.88022131E-03  1.05803422E-05  9.69400000E+00  6.04670538E-03  1.09940771E-05  9.69400000E+00  5.96579176E-03  1.07084547E-05  9.69400000E+00  6.32586799E-03  9.48557602E-07  9.69400000E+00  5.92210842E-03  7.31611922E-07  9.69400000E+00  6.05089758E-03  1.05290659E-06
  9.77100000E+00  2.33069106E-03  4.16217953E-06  9.77100000E+00  2.27237332E-03  4.63697872E-06  9.77100000E+00  2.34037653E-03  4.84268713E-06  9.77100000E+00  2.30549144E-03  5.25222421E-06  9.77100000E+00  2.45222063E-03  4.37981247E-07  9.77100000E+00  2.28917454E-03  3.71907324E-07  9.77100000E+00  2.33925156E-03  5.17362597E-07
  9.84900000E+00  6.89720730E-04  1.85521942E-06  9.84900000E+00  6.71130570E-04  2.08510602E-06  9.84900000E+00  6.91255404E-04  2.24965505E-06  9.84900000E+00  6.84139088E-04  2.35151085E-06  9.84900000E+00  7.28551594E-04  1.83301803E-07  9.84900000E+00  6.78211541E-04  1.77290749E-07  9.84900000E+00  6.93411606E-04  2.24044802E-07
  9.92600000E+00  1.46015465E-04  8.03644246E-07  9.92600000E+00  1.41720935E-04  8.65035716E-07  9.92600000E+00  1.46442529E-04  8.62722241E-07  9.92600000E+00  1.45116413E-04  9.66269679E-07  9.92600000E+00  1.54478854E-04  7.72236343E-08  9.92600000E+00  1.43550894E-04  8.21476958E-08  9.92600000E+00  1.46807784E-04  9.41240787E-08
  1.00000000E+01  2.11799493E-05  2.95847284E-07  1.00000000E+01  2.03657210E-05  2.95077440E-07  1.00000000E+01  2.10142064E-05  3.27399052E-07  1.00000000E+01  2.12304654E-05  3.47289115E-07  1.00000000E+01  2.24838387E-05  2.68895965E-08  1.00000000E+01  2.08453850E-05  2.69319517E-08  1.00000000E+01  2.12891604E-05  3.32124873E-08
  1.00800000E+01  2.16103125E-06  9.23171939E-08  1.00800000E+01  2.09254812E-06  1.05043256E-07  1.00800000E+01  2.15098960E-06  9.83736312E-08  1.00800000E+01  2.06844728E-06  1.09909644E-07  1.00800000E+01  2.14709320E-06  9.64019142E-09  1.00800000E+01  1.99946216E-06  8.25785026E-09  1.00800000E+01  2.03776188E-06  1.08863968E-08
  1.01600000E+01  8.93780054E-08  1.68192985E-08  1.01600000E+01  9.41771243E-08  2.23663941E-08  1.01600000E+01  1.11366388E-07  2.04281942E-08  1.01600000E+01  1.21413201E-07  2.37401849E-08  1.01600000E+01  1.04273547E-07  1.71569169E-09  1.01600000E+01  9.93726174E-08  1.68644209E-09  1.01600000E+01  9.70061682E-08  2.08307311E-09
  1.02400000E+01  1.56997265E-10  1.60039087E-10  1.02400000E+01  0.00000000E+00  0.00000000E+00  1.02400000E+01  0.00000000E+00  0.00000000E+00  1.02400000E+01  2.13741684E-09  1.51874256E-09  1.02400000E+01  1.84563679E-09  2.39835492E-10  1.02400000E+01  1.22038110E-09  1.84173918E-10  1.02400000E+01  1.74051071E-09  2.48279260E-10
  1.03100000E+01  0.00000000E+00  0.00000000E+00  1.03100000E+01  0.00000000E+00  0.00000000E+00  1.03100000E+01  0.00000000E+00  0.00000000E+00  1.03100000E+01  0.00000000E+00  0.00000000E+00  1.03100000E+01  0.00000000E+00  0.00000000E+00  1.03100000E+01  0.00000000E+00  0.00000000E+00  1.03100000E+01  4.33493897E-12  4.35417467E-12
  1.03900000E+01  0.00000000E+00  0.00000000E+00  1.03900000E+01  0.00000000E+00  0.00000000E+00  1.03900000E+01  0.00000000E+00  0.00000000E+00  1.03900000E+01  0.00000000E+00  0.00000000E+00  1.03900000E+01  0.00000000E+00  0.00000000E+00  1.03900000E+01  0.00000000E+00  0.00000000E+00  1.03900000E+01  0.00000000E+00  0.00000000E+00
  1.04700000E+01  0.00000000E+00  0.00000000E+00  1.04700000E+01  0.00000000E+00  0.00000000E+00  1.04700000E+01  0.00000000E+00  0.00000000E+00  1.04700000E+01  0.00000000E+00  0.00000000E+00  1.04700000E+01  0.00000000E+00  0.00000000E+00  1.04700000E+01  0.00000000E+00  0.00000000E+00  1.04700000E+01  0.00000000E+00  0.00000000E+00
  1.05500000E+01  0.00000000E+00  0.00000000E+00  1.05500000E+01  0.00000000E+00  0.00000000E+00  1.05500000E+01  0.00000000E+00  0.00000000E+00  1.05500000E+01  0.00000000E+00  0.00000000E+00  1.05500000E+01  0.00000000E+00  0.00000000E+00  1.05500000E+01  0.00000000E+00  0.00000000E+00  1.05500000E+01  0.00000000E+00  0.00000000E+00
  1.06200000E+01  0.00000000E+00  0.00000000E+00  1.06200000E+01  0.00000000E+00  0.00000000E+00  1.06200000E+01  0.00000000E+00  0.00000000E+00  1.06200000E+01  0.00000000E+00  0.00000000E+00  1.06200000E+01  0.00000000E+00  0.00000000E+00  1.06200000E+01  0.00000000E+00  0.00000000E+00  1.06200000E+01  0.00000000E+00  0.00000000E+00
  1.07000000E+01  0.00000000E+00  0.00000000E+00  1.07000000E+01  0.00000000E+00  0.00000000E+00  1.07000000E+01  0.00000000E+00  0.00000000E+00  1.07000000E+01  0.00000000E+00  0.00000000E+00  1.07000000E+01  0.00000000E+00  0.00000000E+00  1.07000000E+01  0.00000000E+00  0.00000000E+00  1.07000000E+01  0.00000000E+00  0.00000000E+00
  1.07800000E+01  0.00000000E+00  0.00000000E+00  1.07800000E+01  0.00000000E+00  0.00000000E+00  1.07800000E+01  0.00000000E+00  0.00000000E+00  1.07800000E+01  0.00000000E+00  0.00000000E+00  1.07800000E+01  0.00000000E+00  0.00000000E+00  1.07800000E+01  0.00000000E+00  0.00000000E+00  1.07800000E+01  0.00000000E+00  0.00000000E+00
  1.08600000E+01  0.00000000E+00  0.00000000E+00  1.08600000E+01  0.00000000E+00  0.00000000E+00  1.08600000E+01  0.00000000E+00  0.00000000E+00  1.08600000E+01  0.00000000E+00  0.00000000E+00  1.08600000E+01  0.00000000E+00  0.00000000E+00  1.08600000E+01  0.00000000E+00  0.00000000E+00  1.08600000E+01  0.00000000E+00  0.00000000E+00
  1.09300000E+01  0.00000000E+00  0.00000000E+00  1.09300000E+01  0.00000000E+00  0.00000000E+00  1.09300000E+01  0.00000000E+00  0.00000000E+00  1.09300000E+01  0.00000000E+00  0.00000000E+00  1.09300000E+01  0.00000000E+00  0.00000000E+00  1.09300000E+01  0.00000000E+00  0.00000000E+00  1.09300000E+01  0.00000000E+00  0.00000000E+00
  1.10100000E+01  0.00000000E+00  0.00000000E+00  1.10100000E+01  0.00000000E+00  0.00000000E+00  1.10100000E+01  0.00000000E+00  0.00000000E+00  1.10100000E+01  0.00000000E+00  0.00000000E+00  1.10100000E+01  0.00000000E+00  0.00000000E+00  1.10100000E+01  0.00000000E+00  0.00000000E+00  1.10100000E+01  0.00000000E+00  0.00000000E+00
  1.10900000E+01  0.00000000E+00  0.00000000E+00  1.10900000E+01  0.00000000E+00  0.00000000E+00  1.10900000E+01  0.00000000E+00  0.00000000E+00  1.10900000E+01  0.00000000E+00  0.00000000E+00  1.10900000E+01  0.00000000E+00  0.00000000E+00  1.10900000E+01  0.00000000E+00  0.00000000E+00  1.10900000E+01  0.00000000E+00  0.00000000E+00
  1.11700000E+01  0.00000000E+00  0.00000000E+00  1.11700000E+01  0.00000000E+00  0.00000000E+00  1.11700000E+01  0.00000000E+00  0.00000000E+00  1.11700000E+01  0.00000000E+00  0.00000000E+00  1.11700000E+01  0.00000000E+00  0.00000000E+00  1.11700000E+01  0.00000000E+00  0.00000000E+00  1.11700000E+01  0.00000000E+00  0.00000000E+00
  1.12400000E+01  0.00000000E+00  0.00000000E+00  1.12400000E+01  0.00000000E+00  0.00000000E+00  1.12400000E+01  0.00000000E+00  0.00000000E+00  1.12400000E+01  0.00000000E+00  0.00000000E+00  1.12400000E+01  0.00000000E+00  0.00000000E+00  1.12400000E+01  0.00000000E+00  0.00000000E+00  1.12400000E+01  0.00000000E+00  0.00000000E+00
  1.13200000E+01  0.00000000E+00  0.00000000E+00  1.13200000E+01  0.00000000E+00  0.00000000E+00  1.13200000E+01  0.00000000E+00  0.00000000E+00  1.13200000E+01  0.00000000E+00  0.00000000E+00  1.13200000E+01  0.00000000E+00  0.00000000E+00  1.13200000E+01  0.00000000E+00  0.00000000E+00  1.13200000E+01  0.00000000E+00  0.00000000E+00
  1.14000000E+01  0.00000000E+00  0.00000000E+00  1.14000000E+01  0.00000000E+00  0.00000000E+00  1.14000000E+01  0.00000000E+00  0.00000000E+00  1.14000000E+01  0.00000000E+00  0.00000000E+00  1.14000000E+01  0.00000000E+00  0.00000000E+00  1.14000000E+01  0.00000000E+00  0.00000000E+00  1.14000000E+01  0.00000000E+00  0.00000000E+00
  1.14800000E+01  0.00000000E+00  0.00000000E+00  1.14800000E+01  0.00000000E+00  0.00000000E+00  1.14800000E+01  0.00000000E+00  0.00000000E+00  1.14800000E+01  0.00000000E+00  0.00000000E+00  1.14800000E+01  0.00000000E+00  0.00000000E+00  1.14800000E+01  0.00000000E+00  0.00000000E+00  1.14800000E+01  0.00000000E+00  0.00000000E+00
  1.15500000E+01  0.00000000E+00  0.00000000E+00  1.15500000E+01  0.00000000E+00  0.00000000E+00  1.15500000E+01  0.00000000E+00  0.00000000E+00  1.15500000E+01  0.00000000E+00  0.00000000E+00  1.15500000E+01  0.00000000E+00  0.00000000E+00  1.15500000E+01  0.00000000E+00  0.00000000E+00  1.15500000E+01  0.00000000E+00  0.00000000E+00
  1.16300000E+01  0.00000000E+00  0.00000000E+00  1.16300000E+01  0.00000000E+00  0.00000000E+00  1.16300000E+01  0.00000000E+00  0.00000000E+00  1.16300000E+01  0.00000000E+00  0.00000000E+00  1.16300000E+01  0.00000000E+00  0.00000000E+00  1.16300000E+01  0.00000000E+00  0.00000000E+00  1.16300000E+01  0.00000000E+00  0.00000000E+00
  1.17100000E+01  0.00000000E+00  0.00000000E+00  1.17100000E+01  0.00000000E+00  0.00000000E+00  1.17100000E+01  0.00000000E+00  0.00000000E+00  1.17100000E+01  0.00000000E+00  0.00000000E+00  1.17100000E+01  0.00000000E+00  0.00000000E+00  1.17100000E+01  0.00000000E+00  0.00000000E+00  1.17100000E+01  0.00000000E+00  0.00000000E+00
  1.17900000E+01  0.00000000E+00  0.00000000E+00  1.17900000E+01  0.00000000E+00  0.00000000E+00  1.17900000E+01  0.00000000E+00  0.00000000E+00  1.17900000E+01  0.00000000E+00  0.00000000E+00  1.17900000E+01  0.00000000E+00  0.00000000E+00  1.17900000E+01  0.00000000E+00  0.00000000E+00  1.17900000E+01  0.00000000E+00  0.00000000E+00
  1.18700000E+01  0.00000000E+00  0.00000000E+00  1.18700000E+01  0.00000000E+00  0.00000000E+00  1.18700000E+01  0.00000000E+00  0.00000000E+00  1.18700000E+01  0.00000000E+00  0.00000000E+00  1.18700000E+01  0.00000000E+00  0.00000000E+00  1.18700000E+01  0.00000000E+00  0.00000000E+00  1.18700000E+01  0.00000000E+00  0.00000000E+00
  1.19400000E+01  0.00000000E+00  0.00000000E+00  1.19400000E+01  0.00000000E+00  0.00000000E+00  1.19400000E+01  0.00000000E+00  0.00000000E+00  1.19400000E+01  0.00000000E+00  0.00000000E+00  1.19400000E+01  0.00000000E+00  0.00000000E+00  1.19400000E+01  0.00000000E+00  0.00000000E+00  1.19400000E+01  0.00000000E+00  0.00000000E+00
  1.20200000E+01  0.00000000E+00  0.00000000E+00  1.20200000E+01  0.00000000E+00  0.00000000E+00  1.20200000E+01  0.00000000E+00  0.00000000E+00  1.20200000E+01  0.00000000E+00  0.00000000E+00  1.20200000E+01  0.00000000E+00  0.00000000E+00  1.20200000E+01  0.00000000E+00  0.00000000E+00  1.20200000E+01  0.00000000E+00  0.00000000E+00
  1.21000000E+01  0.00000000E+00  0.00000000E+00  1.21000000E+01  0.00000000E+00  0.00000000E+00  1.21000000E+01  0.00000000E+00  0.00000000E+00  1.21000000E+01  0.00000000E+00  0.00000000E+00  1.21000000E+01  0.00000000E+00  0.00000000E+00  1.21000000E+01  0.00000000E+00  0.00000000E+00  1.21000000E+01  0.00000000E+00  0.00000000E+00
  1.21800000E+01  0.00000000E+00  0.00000000E+00  1.21800000E+01  0.00000000E+00  0.00000000E+00  1.21800000E+01  0.00000000E+00  0.00000000E+00  1.21800000E+01  0.00000000E+00  0.00000000E+00  1.21800000E+01  0.00000000E+00  0.00000000E+00  1.21800000E+01  0.00000000E+00  0.00000000E+00  1.21800000E+01  0.00000000E+00  0.00000000E+00
  1.22500000E+01  0.00000000E+00  0.00000000E+00  1.22500000E+01  0.00000000E+00  0.00000000E+00  1.22500000E+01  0.00000000E+00  0.00000000E+00  1.22500000E+01  0.00000000E+00  0.00000000E+00  1.22500000E+01  0.00000000E+00  0.00000000E+00  1.22500000E+01  0.00000000E+00  0.00000000E+00  1.22500000E+01  0.00000000E+00  0.00000000E+00
  1.23300000E+01  0.00000000E+00  0.00000000E+00  1.23300000E+01  0.00000000E+00  0.00000000E+00  1.23300000E+01  0.00000000E+00  0.00000000E+00  1.23300000E+01  0.00000000E+00  0.00000000E+00  1.23300000E+01  0.00000000E+00  0.00000000E+00  1.23300000E+01  0.00000000E+00  0.00000000E+00  1.23300000E+01  0.00000000E+00  0.00000000E+00
  1.24100000E+01  0.00000000E+00  0.00000000E+00  1.24100000E+01  0.00000000E+00  0.00000000E+00  1.24100000E+01  0.00000000E+00  0.00000000E+00  1.24100000E+01  0.00000000E+00  0.00000000E+00  1.24100000E+01  0.00000000E+00  0.00000000E+00  1.24100000E+01  0.00000000E+00  0.00000000E+00  1.24100000E+01  0.00000000E+00  0.00000000E+00
  1.24900000E+01  0.00000000E+00  0.00000000E+00  1.24900000E+01  0.00000000E+00  0.00000000E+00  1.24900000E+01  0.00000000E+00  0.00000000E+00  1.24900000E+01  0.00000000E+00  0.00000000E+00  1.24900000E+01  0.00000000E+00  0.00000000E+00  1.24900000E+01  0.00000000E+00  0.00000000E+00  1.24900000E+01  0.00000000E+00  0.00000000E+00
  1.25600000E+01  0.00000000E+00  0.00000000E+00  1.25600000E+01  0.00000000E+00  0.00000000E+00  1.25600000E+01  0.00000000E+00  0.00000000E+00  1.25600000E+01  0.00000000E+00  0.00000000E+00  1.25600000E+01  0.00000000E+00  0.00000000E+00  1.25600000E+01  0.00000000E+00  0.00000000E+00  1.25600000E+01  0.00000000E+00  0.00000000E+00
  1.26400000E+01  0.00000000E+00  0.00000000E+00  1.26400000E+01  0.00000000E+00  0.00000000E+00  1.26400000E+01  0.00000000E+00  0.00000000E+00  1.26400000E+01  0.00000000E+00  0.00000000E+00  1.26400000E+01  0.00000000E+00  0.00000000E+00  1.26400000E+01  0.00000000E+00  0.00000000E+00  1.26400000E+01  0.00000000E+00  0.00000000E+00
  1.27200000E+01  0.00000000E+00  0.00000000E+00  1.27200000E+01  0.00000000E+00  0.00000000E+00  1.27200000E+01  0.00000000E+00  0.00000000E+00  1.27200000E+01  0.00000000E+00  0.00000000E+00  1.27200000E+01  0.00000000E+00  0.00000000E+00  1.27200000E+01  0.00000000E+00  0.00000000E+00  1.27200000E+01  0.00000000E+00  0.00000000E+00
  1.28000000E+01  0.00000000E+00  0.00000000E+00  1.28000000E+01  0.00000000E+00  0.00000000E+00  1.28000000E+01  0.00000000E+00  0.00000000E+00  1.28000000E+01  0.00000000E+00  0.00000000E+00  1.28000000E+01  0.00000000E+00  0.00000000E+00  1.28000000E+01  0.00000000E+00  0.00000000E+00  1.28000000E+01  0.00000000E+00  0.00000000E+00
  1.28700000E+01  0.00000000E+00  0.00000000E+00  1.28700000E+01  0.00000000E+00  0.00000000E+00  1.28700000E+01  0.00000000E+00  0.00000000E+00  1.28700000E+01  0.00000000E+00  0.00000000E+00  1.28700000E+01  0.00000000E+00  0.00000000E+00  1.28700000E+01  0.00000000E+00  0.00000000E+00  1.28700000E+01  0.00000000E+00  0.00000000E+00
  1.29500000E+01  0.00000000E+00  0.00000000E+00  1.29500000E+01  0.00000000E+00  0.00000000E+00  1.29500000E+01  0.00000000E+00  0.00000000E+00  1.29500000E+01  0.00000000E+00  0.00000000E+00  1.29500000E+01  0.00000000E+00  0.00000000E+00  1.29500000E+01  0.00000000E+00  0.00000000E+00  1.29500000E+01  0.00000000E+00  0.00000000E+00
  1.30300000E+01  0.00000000E+00  0.00000000E+00  1.30300000E+01  0.00000000E+00  0.00000000E+00  1.30300000E+01  0.00000000E+00  0.00000000E+00  1.30300000E+01  0.00000000E+00  0.00000000E+00  1.30300000E+01  0.00000000E+00  0.00000000E+00  1.30300000E+01  0.00000000E+00  0.00000000E+00  1.30300000E+01  0.00000000E+00  0.00000000E+00
  1.31100000E+01  0.00000000E+00  0.00000000E+00  1.31100000E+01  0.00000000E+00  0.00000000E+00  1.31100000E+01  0.00000000E+00  0.00000000E+00  1.31100000E+01  0.00000000E+00  0.00000000E+00  1.31100000E+01  0.00000000E+00  0.00000000E+00  1.31100000E+01  0.00000000E+00  0.00000000E+00  1.31100000E+01  0.00000000E+00  0.00000000E+00
  1.31800000E+01  0.00000000E+00  0.00000000E+00  1.31800000E+01  0.00000000E+00  0.00000000E+00  1.31800000E+01  0.00000000E+00  0.00000000E+00  1.31800000E+01  0.00000000E+00  0.00000000E+00  1.31800000E+01  0.00000000E+00  0.00000000E+00  1.31800000E+01  0.00000000E+00  0.00000000E+00  1.31800000E+01  0.00000000E+00  0.00000000E+00
  1.32600000E+01  0.00000000E+00  0.00000000E+00  1.32600000E+01  0.00000000E+00  0.00000000E+00  1.32600000E+01  0.00000000E+00  0.00000000E+00  1.32600000E+01  0.00000000E+00  0.00000000E+00  1.32600000E+01  0.00000000E+00  0.00000000E+00  1.32600000E+01  0.00000000E+00  0.00000000E+00  1.32600000E+01  0.00000000E+00  0.00000000E+00
  1.33400000E+01  0.00000000E+00  0.00000000E+00  1.33400000E+01  0.00000000E+00  0.00000000E+00  1.33400000E+01  0.00000000E+00  0.00000000E+00  1.33400000E+01  0.00000000E+00  0.00000000E+00  1.33400000E+01  0.00000000E+00  0.00000000E+00  1.33400000E+01  0.00000000E+00  0.00000000E+00  1.33400000E+01  0.00000000E+00  0.00000000E+00
  1.34200000E+01  0.00000000E+00  0.00000000E+00  1.34200000E+01  0.00000000E+00  0.00000000E+00  1.34200000E+01  0.00000000E+00  0.00000000E+00  1.34200000E+01  0.00000000E+00  0.00000000E+00  1.34200000E+01  0.00000000E+00  0.00000000E+00  1.34200000E+01  0.00000000E+00  0.00000000E+00  1.34200000E+01  0.00000000E+00  0.00000000E+00
  1.34900000E+01  0.00000000E+00  0.00000000E+00  1.34900000E+01  0.00000000E+00  0.00000000E+00  1.34900000E+01  0.00000000E+00  0.00000000E+00  1.34900000E+01  0.00000000E+00  0.00000000E+00  1.34900000E+01  0.00000000E+00  0.00000000E+00  1.34900000E+01  0.00000000E+00  0.00000000E+00  1.34900000E+01  0.00000000E+00  0.00000000E+00
  1.35700000E+01  0.00000000E+00  0.00000000E+00  1.35700000E+01  0.00000000E+00  0.00000000E+00  1.35700000E+01  0.00000000E+00  0.00000000E+00  1.35700000E+01  0.00000000E+00  0.00000000E+00  1.35700000E+01  0.00000000E+00  0.00000000E+00  1.35700000E+01  0.00000000E+00  0.00000000E+00  1.35700000E+01  0.00000000E+00  0.00000000E+00
  1.36500000E+01  0.00000000E+00  0.00000000E+00  1.36500000E+01  0.00000000E+00  0.00000000E+00  1.36500000E+01  0.00000000E+00  0.00000000E+00  1.36500000E+01  0.00000000E+00  0.00000000E+00  1.36500000E+01  0.00000000E+00  0.00000000E+00  1.36500000E+01  0.00000000E+00  0.00000000E+00  1.36500000E+01  0.00000000E+00  0.00000000E+00
  1.37300000E+01  0.00000000E+00  0.00000000E+00  1.37300000E+01  0.00000000E+00  0.00000000E+00  1.37300000E+01  0.00000000E+00  0.00000000E+00  1.37300000E+01  0.00000000E+00  0.00000000E+00  1.37300000E+01  0.00000000E+00  0.00000000E+00  1.37300000E+01  0.00000000E+00  0.00000000E+00  1.37300000E+01  0.00000000E+00  0.00000000E+00
  1.38000000E+01  0.00000000E+00  0.00000000E+00  1.38000000E+01  0.00000000E+00  0.00000000E+00  1.38000000E+01  0.00000000E+00  0.00000000E+00  1.38000000E+01  0.00000000E+00  0.00000000E+00  1.38000000E+01  0.00000000E+00  0.00000000E+00  1.38000000E+01  0.00000000E+00  0.00000000E+00  1.38000000E+01  0.00000000E+00  0.00000000E+00
  1.38800000E+01  0.00000000E+00  0.00000000E+00  1.38800000E+01  0.00000000E+00  0.00000000E+00  1.38800000E+01  0.00000000E+00  0.00000000E+00  1.38800000E+01  0.00000000E+00  0.00000000E+00  1.38800000E+01  0.00000000E+00  0.00000000E+00  1.38800000E+01  0.00000000E+00  0.00000000E+00  1.38800000E+01  0.00000000E+00  0.00000000E+00
  1.39600000E+01  0.00000000E+00  0.00000000E+00  1.39600000E+01  0.00000000E+00  0.00000000E+00  1.39600000E+01  0.00000000E+00  0.00000000E+00  1.39600000E+01  0.00000000E+00  0.00000000E+00  1.39600000E+01  0.00000000E+00  0.00000000E+00  1.39600000E+01  0.00000000E+00  0.00000000E+00  1.39600000E+01  0.00000000E+00  0.00000000E+00
  1.40400000E+01  0.00000000E+00  0.00000000E+00  1.40400000E+01  0.00000000E+00  0.00000000E+00  1.40400000E+01  0.00000000E+00  0.00000000E+00  1.40400000E+01  0.00000000E+00  0.00000000E+00  1.40400000E+01  0.00000000E+00  0.00000000E+00  1.40400000E+01  0.00000000E+00  0.00000000E+00  1.40400000E+01  0.00000000E+00  0.00000000E+00
  1.41100000E+01  0.00000000E+00  0.00000000E+00  1.41100000E+01  0.00000000E+00  0.00000000E+00  1.41100000E+01  0.00000000E+00  0.00000000E+00  1.41100000E+01  0.00000000E+00  0.00000000E+00  1.41100000E+01  0.00000000E+00  0.00000000E+00  1.41100000E+01  0.00000000E+00  0.00000000E+00  1.41100000E+01  0.00000000E+00  0.00000000E+00
  1.41900000E+01  0.00000000E+00  0.00000000E+00  1.41900000E+01  0.00000000E+00  0.00000000E+00  1.41900000E+01  0.00000000E+00  0.00000000E+00  1.41900000E+01  0.00000000E+00  0.00000000E+00  1.41900000E+01  0.00000000E+00  0.00000000E+00  1.41900000E+01  0.00000000E+00  0.00000000E+00  1.41900000E+01  0.00000000E+00  0.00000000E+00
  1.42700000E+01  0.00000000E+00  0.00000000E+00  1.42700000E+01  0.00000000E+00  0.00000000E+00  1.42700000E+01  0.00000000E+00  0.00000000E+00  1.42700000E+01  0.00000000E+00  0.00000000E+00  1.42700000E+01  0.00000000E+00  0.00000000E+00  1.42700000E+01  0.00000000E+00  0.00000000E+00  1.42700000E+01  0.00000000E+00  0.00000000E+00
  1.43500000E+01  0.00000000E+00  0.00000000E+00  1.43500000E+01  0.00000000E+00  0.00000000E+00  1.43500000E+01  0.00000000E+00  0.00000000E+00  1.43500000E+01  0.00000000E+00  0.00000000E+00  1.43500000E+01  0.00000000E+00  0.00000000E+00  1.43500000E+01  0.00000000E+00  0.00000000E+00  1.43500000E+01  0.00000000E+00  0.00000000E+00
  1.44200000E+01  0.00000000E+00  0.00000000E+00  1.44200000E+01  0.00000000E+00  0.00000000E+00  1.44200000E+01  0.00000000E+00  0.00000000E+00  1.44200000E+01  0.00000000E+00  0.00000000E+00  1.44200000E+01  0.00000000E+00  0.00000000E+00  1.44200000E+01  0.00000000E+00  0.00000000E+00  1.44200000E+01  0.00000000E+00  0.00000000E+00
  1.45000000E+01  0.00000000E+00  0.00000000E+00  1.45000000E+01  0.00000000E+00  0.00000000E+00  1.45000000E+01  0.00000000E+00  0.00000000E+00  1.45000000E+01  0.00000000E+00  0.00000000E+00  1.45000000E+01  0.00000000E+00  0.00000000E+00  1.45000000E+01  0.00000000E+00  0.00000000E+00  1.45000000E+01  0.00000000E+00  0.00000000E+00
  1.45800000E+01  0.00000000E+00  0.00000000E+00  1.45800000E+01  0.00000000E+00  0.00000000E+00  1.45800000E+01  0.00000000E+00  0.00000000E+00  1.45800000E+01  0.00000000E+00  0.00000000E+00  1.45800000E+01  0.00000000E+00  0.00000000E+00  1.45800000E+01  0.00000000E+00  0.00000000E+00  1.45800000E+01  0.00000000E+00  0.00000000E+00
  1.46600000E+01  0.00000000E+00  0.00000000E+00  1.46600000E+01  0.00000000E+00  0.00000000E+00  1.46600000E+01  0.00000000E+00  0.00000000E+00  1.46600000E+01  0.00000000E+00  0.00000000E+00  1.46600000E+01  0.00000000E+00  0.00000000E+00  1.46600000E+01  0.00000000E+00  0.00000000E+00  1.46600000E+01  0.00000000E+00  0.00000000E+00
  1.47300000E+01  0.00000000E+00  0.00000000E+00  1.47300000E+01  0.00000000E+00  0.00000000E+00  1.47300000E+01  0.00000000E+00  0.00000000E+00  1.47300000E+01  0.00000000E+00  0.00000000E+00  1.47300000E+01  0.00000000E+00  0.00000000E+00  1.47300000E+01  0.00000000E+00  0.00000000E+00  1.47300000E+01  0.00000000E+00  0.00000000E+00
  1.48100000E+01  0.00000000E+00  0.00000000E+00  1.48100000E+01  0.00000000E+00  0.00000000E+00  1.48100000E+01  0.00000000E+00  0.00000000E+00  1.48100000E+01  0.00000000E+00  0.00000000E+00  1.48100000E+01  0.00000000E+00  0.00000000E+00  1.48100000E+01  0.00000000E+00  0.00000000E+00  1.48100000E+01  0.00000000E+00  0.00000000E+00
  1.48900000E+01  0.00000000E+00  0.00000000E+00  1.48900000E+01  0.00000000E+00  0.00000000E+00  1.48900000E+01  0.00000000E+00  0.00000000E+00  1.48900000E+01  0.00000000E+00  0.00000000E+00  1.48900000E+01  0.00000000E+00  0.00000000E+00  1.48900000E+01  0.00000000E+00  0.00000000E+00  1.48900000E+01  0.00000000E+00  0.00000000E+00
  1.49700000E+01  0.00000000E+00  0.00000000E+00  1.49700000E+01  0.00000000E+00  0.00000000E+00  1.49700000E+01  0.00000000E+00  0.00000000E+00  1.49700000E+01  0.00000000E+00  0.00000000E+00  1.49700000E+01  0.00000000E+00  0.00000000E+00  1.49700000E+01  0.00000000E+00  0.00000000E+00  1.49700000E+01  0.00000000E+00  0.00000000E+00
  1.50400000E+01  0.00000000E+00  0.00000000E+00  1.50400000E+01  0.00000000E+00  0.00000000E+00  1.50400000E+01  0.00000000E+00  0.00000000E+00  1.50400000E+01  0.00000000E+00  0.00000000E+00  1.50400000E+01  0.00000000E+00  0.00000000E+00  1.50400000E+01  0.00000000E+00  0.00000000E+00  1.50400000E+01  0.00000000E+00  0.00000000E+00
  1.51200000E+01  0.00000000E+00  0.00000000E+00  1.51200000E+01  0.00000000E+00  0.00000000E+00  1.51200000E+01  0.00000000E+00  0.00000000E+00  1.51200000E+01  0.00000000E+00  0.00000000E+00  1.51200000E+01  0.00000000E+00  0.00000000E+00  1.51200000E+01  0.00000000E+00  0.00000000E+00  1.51200000E+01  0.00000000E+00  0.00000000E+00
  1.52000000E+01  0.00000000E+00  0.00000000E+00  1.52000000E+01  0.00000000E+00  0.00000000E+00  1.52000000E+01  0.00000000E+00  0.00000000E+00  1.52000000E+01  0.00000000E+00  0.00000000E+00  1.52000000E+01  0.00000000E+00  0.00000000E+00  1.52000000E+01  0.00000000E+00  0.00000000E+00  1.52000000E+01  0.00000000E+00  0.00000000E+00
  1.52800000E+01  0.00000000E+00  0.00000000E+00  1.52800000E+01  0.00000000E+00  0.00000000E+00  1.52800000E+01  0.00000000E+00  0.00000000E+00  1.52800000E+01  0.00000000E+00  0.00000000E+00  1.52800000E+01  0.00000000E+00  0.00000000E+00  1.52800000E+01  0.00000000E+00  0.00000000E+00  1.52800000E+01  0.00000000E+00  0.00000000E+00
  1.53500000E+01  0.00000000E+00  0.00000000E+00  1.53500000E+01  0.00000000E+00  0.00000000E+00  1.53500000E+01  0.00000000E+00  0.00000000E+00  1.53500000E+01  0.00000000E+00  0.00000000E+00  1.53500000E+01  0.00000000E+00  0.00000000E+00  1.53500000E+01  0.00000000E+00  0.00000000E+00  1.53500000E+01  0.00000000E+00  0.00000000E+00
  1.54300000E+01  0.00000000E+00  0.00000000E+00  1.54300000E+01  0.00000000E+00  0.00000000E+00  1.54300000E+01  0.00000000E+00  0.00000000E+00  1.54300000E+01  0.00000000E+00  0.00000000E+00  1.54300000E+01  0.00000000E+00  0.00000000E+00  1.54300000E+01  0.00000000E+00  0.00000000E+00  1.54300000E+01  0.00000000E+00  0.00000000E+00
